examples/IONEXdata/CODG3130.17I
     1.0            IONOSPHERE MAPS     GNSS                IONEX VERSION / TYPE
ADDNEQ2 V5.3        AIUB                13-NOV-17 20:20     PGM / RUN BY / DATE 
CODE'S GLOBAL IONOSPHERE MAPS FOR DAY 313, 2017             COMMENT             
Global ionosphere maps (GIM) are generated on a daily basis DESCRIPTION         
at CODE using data from about 300 GNSS sites of the IGS and DESCRIPTION         
other institutions. The vertical total electron content     DESCRIPTION         
(VTEC) is modeled in a solar-geomagnetic reference frame    DESCRIPTION         
using a spherical harmonics expansion up to degree and      DESCRIPTION         
order 15. Piece-wise linear functions are used for          DESCRIPTION         
representation in the time domain. The time spacing of      DESCRIPTION         
their vertices is 1 hour, conforming with the epochs of the DESCRIPTION         
VTEC maps.                                                  DESCRIPTION         
To convert line-of-sight TEC into vertical TEC, a modified  DESCRIPTION         
single-layer model mapping function approximating the JPL   DESCRIPTION         
extended slab model mapping function is adopted. The        DESCRIPTION         
mapping function is evaluated at geodetic satellite         DESCRIPTION         
elevation angles. For the computation of the ionospheric    DESCRIPTION         
pierce points, a spherical layer with a radius of 6821 km   DESCRIPTION         
is assumed, implying geocentric, not geodetic IONEX         DESCRIPTION         
latitudes.                                                  DESCRIPTION         
Instrumental biases with respect to each involved GNSS code DESCRIPTION         
observable are estimated as constant values for each        DESCRIPTION         
day. They are modeled with one set of bias parameters for   DESCRIPTION         
each satellite and each station in case of GPS and for each DESCRIPTION         
satellite-station link in case of GLONASS. The code bias    DESCRIPTION         
datum is defined by zero-mean conditions imposed on the     DESCRIPTION         
satellite bias estimates. In this file, just GPS C1W-C2W    DESCRIPTION         
satellite and station bias values are included. The         DESCRIPTION         
complete set of GNSS code bias results is provided in an    DESCRIPTION         
additional Bias-SINEX file as pseudo-absolute values        DESCRIPTION         
specific to each observable.                                DESCRIPTION         
Note: These GIM results correspond to the results for the   DESCRIPTION         
middle day of a 3-day combination analysis solving for 73   DESCRIPTION         
times 256, or 18688 VTEC parameters and 3 daily sets of     DESCRIPTION         
GNSS code bias parameters.                                  DESCRIPTION         
Contact address: code(at)aiub.unibe.ch                      DESCRIPTION         
Data archive:    ftp.aiub.unibe.ch/CODE/                    DESCRIPTION         
                 www.aiub.unibe.ch/download/CODE/           DESCRIPTION         
  2017    11     9     0     0     0                        EPOCH OF FIRST MAP  
  2017    11    10     0     0     0                        EPOCH OF LAST MAP   
  3600                                                      INTERVAL            
[...]
gold gope gras graz guam guat guug harb hers hert hlfx hnlc COMMENT             
hnpt hob2 hofn holb hrao hyde iddr ieng iisc impz ineg invk COMMENT             
iqal iqui irkj isba joz2 joze karr kat1 kely kerg khar kir0 COMMENT             
kiri kiru kit3 kokb kokv kouc koug kour krgg lama laut lhaz COMMENT             
lmmf lpal lpgs m0se mac1 madr mag0 maju mal2 mana mas1 mat1 COMMENT             
mate maui maw1 mbar mcil mcm4 mdo1 mdvj medi mets mgue mizu COMMENT             
mkea mnls mobj mobk mobs monp morp mqzg mro1 mtka nano naur COMMENT             
nico nist nium nklg nlib nnor not1 novm nrc1 nril nrmd ntus COMMENT             
nya1 nyal ohi2 ohi3 onsa opmt ous2 pado park pbri pdel penc COMMENT             
pert pfa2 pie1 pimo pol2 polv pots pove prds ptag ptbb ptvl COMMENT             
qaq1 quin rabt ramo rbay recf reso reun reyk rgdg rio2 riop COMMENT             
roth salu samo sant savo sch2 scor scrz sctb scub seyg sfer COMMENT             
shao sofi spt0 ssia sthl stjo stk2 str2 sutm suwn sydn syog COMMENT             
tabl tabv tash tehn thtg thti thu2 thu3 tidb tixg tixi tlse COMMENT             
tn22 tnml tong tow2 tro1 tsea tskb tuva twtf txes uclu ufpr COMMENT             
ulab unb3 unbj unsa urum urus usn7 usud vaco vald vill voim COMMENT             
vtsp wab1 wab2 wark wgtn whit will wind wsrt wtza wtzr wtzs COMMENT             
wtzz xmis yakt yar2 yar3 yarr ycba yell ykro zamb zeck zim2 COMMENT             
zim3 zimj zimm                                              COMMENT             
                                                            END OF HEADER       
[from data line 9009]
    22                                                      START OF TEC MAP    
  2017    11     9    21     0     0                        EPOCH OF CURRENT MAP
    87.5-180.0 180.0   5.0 450.0                            LAT/LON1/LON2/DLON/H
   40   40   40   40   40   40   40   40   39   39   39   38   38   37   37   36
   35   34   34   33   32   31   31   30   29   29   28   27   27   26   26   26
   25   25   25   25   25   25   25   25   26   26   26   27   27   28   28   29
   29   30   31   31   32   32   33   34   34   35   35   36   36   37   37   38
   38   38   39   39   39   40   40   40   40
    85.0-180.0 180.0   5.0 450.0                            LAT/LON1/LON2/DLON/H
   44   44   44   44   45   45   45   45   44   44   43   43   42   41   40   39
   37   36   34   33   31   29   28   26   25   23   22   21   20   19   18   18
   17   17   17   17   17   18   18   19   19   20   21   22   23   24   25   26
   27   28   29   30   31   32   32   33   34   35   36   37   37   38   39   39
   40   41   41   42   42   43   43   43   44
    82.5-180.0 180.0   5.0 450.0                            LAT/LON1/LON2/DLON/H
   43   44   44   45   46   46   47   47   47   47   47   47   46   45   43   42
   40   38   35   33   30   28   26   23   21   19   18   16   15   14   13   12
   12   12   12   12   12   13   14   15   16   17   18   19   21   22   23   24
   26   27   28   29   30   31   32   33   34   34   35   36   36   37   38   38
   39   39   40   40   41   42   42   43   43
    80.0-180.0 180.0   5.0 450.0                            LAT/LON1/LON2/DLON/H
   40   40   41   42   43   45   46   47   48   49   49   49   49   48   47   45
   42   40   37   34   30   27   24   22   19   17   15   13   12   11   10   10
   10   10   10   10   11   12   13   14   15   17   18   20   21   23   24   25
   26   27   28   29   30   31   31   32   32   33   33   33   34   34   35   35
   35   36   36   36   37   38   38   39   40
    77.5-180.0 180.0   5.0 450.0                            LAT/LON1/LON2/DLON/H
   34   35   37   38   40   41   43   45   48   49   51   52   52   51   50   48
   45   42   38   35   31   28   24   21   19   17   15   14   13   12   12   11
   11   12   12   12   13   14   15   16   17   19   20   22   24   25   26   28
   28   29   30   30   30   30   30   30   30   30   30   30   30   30   30   30
   30   30   30   31   31   32   33   33   34
    75.0-180.0 180.0   5.0 450.0                            LAT/LON1/LON2/DLON/H
   30   31   32   34   36   38   41   43   47   50   52   54   55   55   54   51
   48   44   40   36   32   29   26   23   21   19   17   16   16   16   15   15
   15   16   16   16   17   17   18   19   21   22   24   25   27   28   30   30
   31   31   31   31   30   30   29   29   28   28   27   27   26   26   25   25
   24   24   25   25   26   27   28   29   30
    72.5-180.0 180.0   5.0 450.0                            LAT/LON1/LON2/DLON/H
   28   29   31   32   34   36   39   42   46   50   54   57   58   58   57   54
   51   47   42   38   34   31   28   25   24   22   21   20   20   20   20   20
   20   20   20   20   20   21   21   22   23   25   26   28   29   31   32   32
   32   32   32   31   30   29   28   27   26   25   24   23   22   21   20   20
   19   19   19   20   22   23   25   27   28
    70.0-180.0 180.0   5.0 450.0                            LAT/LON1/LON2/DLON/H
   30   32   33   34   34   36   39   42   47   51   56   59   61   61   60   57
   53   49   44   40   36   33   31   29   27   26   25   24   24   24   23   23
   23   23   23   23   22   22   22   23   24   25   26   28   30   31   32   32
   32   31   31   29   28   27   26   25   24   23   22   21   20   18   17   16
   15   15   15   17   19   22   25   28   30
    67.5-180.0 180.0   5.0 450.0                            LAT/LON1/LON2/DLON/H
   36   38   39   39   38   39   41   44   48   53   58   62   64   64   62   59
   55   51   46   42   39   36   34   32   30   29   27   26   25   25   24   24
   24   23   23   22   21   21   20   21   22   23   24   26   28   29   29   30
   29   29   28   26   25   24   23   22   22   21   20   19   18   16   14   13
   12   12   13   15   19   23   28   32   36
    65.0-180.0 180.0   5.0 450.0                            LAT/LON1/LON2/DLON/H
   43   46   47   46   44   43   44   46   50   55   60   64   65   65   64   60
   57   52   49   45   42   40   37   35   33   30   28   26   24   23   22   21
   21   20   19   18   18   17   17   17   18   19   21   22   24   24   25   25
   25   24   23   22   21   21   20   20   20   20   19   18   17   15   13   12
   11   10   12   15   20   26   33   39   43
    62.5-180.0 180.0   5.0 450.0                            LAT/LON1/LON2/DLON/H
   51   55   55   54   51   49   48   49   52   57   61   64   66   66   64   62
   58   55   52   49   46   43   41   38   35   31   27   24   21   19   17   16
   15   15   14   13   13   12   12   13   14   15   17   18   19   20   20   19
   19   18   18   18   18   18   18   19   19   19   19   18   17   15   14   12
   11   11   13   16   22   29   37   45   51
    60.0-180.0 180.0   5.0 450.0                            LAT/LON1/LON2/DLON/H
   57   61   63   61   57   54   51   52   54   58   61   64   66   66   64   63
   61   58   56   53   51   48   45   41   37   32   27   22   18   15   12   11
   10    9    9    9    8    8    9   10   11   13   14   15   16   16   15   15
   14   14   14   15   15   16   18   18   19   19   19   19   18   16   15   13
   13   13   15   18   24   32   41   49   57
    57.5-180.0 180.0   5.0 450.0                            LAT/LON1/LON2/DLON/H
   60   65   67   66   62   58   55   54   56   58   61   63   64   64   65   64
   64   63   61   58   56   52   49   44   39   34   28   22   17   12    9    8
    7    6    6    6    6    7    8   10   11   13   14   15   15   14   13   12
   12   12   13   14   16   17   19   20   21   21   21   20   19   18   17   16
   16   17   19   22   27   34   42   51   60
    55.0-180.0 180.0   5.0 450.0                            LAT/LON1/LON2/DLON/H
   60   66   69   69   65   61   58   57   58   59   61   62   62   63   65   67
   68   68   66   64   61   57   53   49   44   38   31   25   19   14   10    8
    7    6    7    7    8   10   11   13   15   17   18   18   17   16   15   14
   14   14   15   17   19   22   23   24   24   24   23   22   21   20   19   19
   20   22   24   27   31   36   43   52   60
    52.5-180.0 180.0   5.0 450.0                            LAT/LON1/LON2/DLON/H
   59   65   70   70   68   65   62   61   61   62   62   61   62   63   67   70
   73   73   71   68   65   62   59   55   50   45   38   31   25   20   16   13
   11   11   11   12   14   16   18   20   22   23   24   24   23   22   21   20
   19   20   22   24   26   28   30   31   30   28   26   25   23   22   22   23
   25   28   31   34   37   40   44   51   59
    50.0-180.0 180.0   5.0 450.0                            LAT/LON1/LON2/DLON/H
   58   65   71   73   72   70   68   67   67   66   64   62   62   65   69   74
   77   78   75   72   69   66   65   63   59   54   47   40   34   29   24   21
   19   18   19   20   23   25   27   29   30   31   32   32   31   30   29   28
   28   29   31   33   35   37   38   38   37   34   31   28   26   25   25   27
   30   35   39   42   44   45   47   51   58
    47.5-180.0 180.0   5.0 450.0                            LAT/LON1/LON2/DLON/H
   60   67   74   77   78   77   76   75   74   72   69   66   66   69   74   79
   82   81   78   74   72   71   72   71   69   64   58   51   44   39   34   31
   28   27   28   30   32   35   37   38   39   40   40   40   39   39   39   39
   39   40   42   43   45   47   47   46   44   40   36   32   30   28   28   30
   35   40   46   50   52   52   52   54   60
    45.0-180.0 180.0   5.0 450.0                            LAT/LON1/LON2/DLON/H
   65   73   80   85   87   87   86   86   85   81   76   72   71   75   80   85
   86   84   79   76   75   77   79   81   79   74   67   60   53   48   43   40
   37   36   37   39   42   44   46   47   47   47   47   47   47   48   48   49
   50   51   52   53   54   55   55   54   50   46   41   37   34   32   32   33
   38   45   52   58   61   61   59   60   65
    42.5-180.0 180.0   5.0 450.0                            LAT/LON1/LON2/DLON/H
   74   82   90   96   99   99   99   98   96   92   86   81   80   83   88   91
   90   86   81   78   79   83   87   89   87   81   73   65   58   53   49   46
   44   43   44   46   50   52   53   54   53   53   53   53   54   55   56   58
   59   59   59   60   61   61   61   59   55   50   45   41   38   36   35   36
   40   47   57   65   70   70   69   70   74
    40.0-180.0 180.0   5.0 450.0                            LAT/LON1/LON2/DLON/H
   86   94  103  110  112  112  112  111  108  103   96   91   90   93   96   97
   94   89   84   83   86   91   96   96   92   84   74   66   59   55   52   49
   48   47   49   52   55   57   58   58   58   57   57   58   59   61   62   64
   65   65   64   64   64   65   64   62   58   53   48   45   42   40   38   38
   41   48   59   70   77   80   80   81   86
    37.5-180.0 180.0   5.0 450.0                            LAT/LON1/LON2/DLON/H
   98  107  117  124  126  126  124  123  119  114  107  102  101  103  105  104
  100   94   90   91   96  101  104  101   93   83   72   63   58   55   53   52
   50   50   52   55   58   60   61   61   61   61   61   62   63   65   67   68
   68   67   66   65   65   65   65   63   59   54   50   47   45   44   42   41
   43   50   61   73   83   88   90   92   98
    35.0-180.0 180.0   5.0 450.0                            LAT/LON1/LON2/DLON/H
  109  120  130  137  139  138  136  133  129  124  118  113  112  114  114  112
  107  102  101  104  109  112  111  104   92   80   68   60   56   55   54   54
   54   54   56   58   61   62   63   63   63   64   65   66   67   69   70   69
   68   66   65   64   64   64   64   61   58   53   49   48   47   47   46   44
   46   52   63   76   87   94   98  102  109
    32.5-180.0 180.0   5.0 450.0                            LAT/LON1/LON2/DLON/H
  117  130  142  149  151  149  145  142  138  133  127  124  123  124  123  120
  116  114  116  121  124  124  117  105   91   77   67   61   58   58   60   60
   60   60   61   63   64   64   64   64   65   67   69   71   72   73   72   71
   68   65   64   63   63   63   62   60   55   51   48   47   48   49   49   49
   51   56   67   80   91   98  103  108  117
    30.0-180.0 180.0   5.0 450.0                            LAT/LON1/LON2/DLON/H
  123  137  150  159  161  158  154  150  146  141  136  133  133  133  132  129
  127  129  134  139  140  134  122  106   91   80   72   68   67   68   70   71
   71   70   70   69   68   67   65   66   68   71   74   76   77   77   75   72
   68   65   63   63   63   63   61   58   53   49   46   45   47   49   52   54
   58   64   74   85   95  101  106  113  123
    27.5-180.0 180.0   5.0 450.0                            LAT/LON1/LON2/DLON/H
  126  142  157  166  169  167  162  158  153  149  145  143  142  142  140  139
  140  145  152  157  155  144  127  110   97   89   85   84   84   86   87   88
   87   85   82   79   75   71   68   68   70   74   78   80   81   81   79   74
   69   65   64   64   65   64   61   57   52   47   44   43   44   48   53   59
   66   75   84   93  100  105  109  115  126
    25.0-180.0 180.0   5.0 450.0                            LAT/LON1/LON2/DLON/H
  129  145  162  173  177  175  171  166  163  159  156  154  153  151  149  149
  153  161  169  173  167  152  134  120  112  109  109  109  109  109  109  109
  106  103   98   92   85   78   73   71   73   76   80   83   85   85   82   77
   71   67   66   67   68   66   62   57   51   46   42   40   41   46   53   64
   76   87   96  103  106  108  111  117  129
    22.5-180.0 180.0   5.0 450.0                            LAT/LON1/LON2/DLON/H
  133  150  167  179  184  184  180  177  175  172  170  168  165  162  160  161
  166  175  184  184  176  161  146  137  135  139  141  141  139  136  134  132
  128  123  116  108   98   88   80   76   76   78   81   84   86   86   84   79
   73   70   70   71   71   69   63   57   51   45   41   38   38   42   52   67
   84   99  109  114  115  114  115  121  133
    20.0-180.0 180.0   5.0 450.0                            LAT/LON1/LON2/DLON/H
  139  155  173  186  193  194  192  191  190  189  187  185  182  178  175  175
  180  189  194  193  183  171  163  162  168  176  179  176  169  163  158  154
  149  142  134  125  113  100   90   83   80   80   81   82   84   86   85   81
   75   72   73   74   74   70   64   57   51   46   40   36   35   39   50   69
   91  110  122  125  124  121  122  127  139
    17.5-180.0 180.0   5.0 450.0                            LAT/LON1/LON2/DLON/H
  147  163  180  194  202  205  206  207  208  209  209  207  203  198  194  193
  197  201  203  199  192  186  187  196  208  217  217  209  197  186  178  173
  167  160  152  142  130  116  103   93   87   84   81   80   81   84   84   81
   76   74   74   76   75   71   64   57   51   46   40   36   33   36   48   70
   96  118  131  135  133  130  130  136  147
    15.0-180.0 180.0   5.0 450.0                            LAT/LON1/LON2/DLON/H
  158  173  189  203  212  217  221  225  230  234  235  234  230  225  220  217
  216  215  211  206  203  207  219  236  251  257  251  236  218  204  194  188
  182  175  167  158  147  133  119  107   98   91   84   79   78   80   82   79
   76   73   74   75   74   69   62   55   50   45   41   35   32   34   47   70
   98  123  138  142  140  139  141  147  158
    12.5-180.0 180.0   5.0 450.0                            LAT/LON1/LON2/DLON/H
  170  184  199  212  222  229  237  245  254  260  263  264  261  257  251  245
  239  232  223  218  221  235  256  277  291  290  277  255  233  216  206  200
  194  187  180  173  163  151  137  124  113  101   90   81   77   77   79   77
   74   72   72   73   71   66   60   54   49   45   41   36   33   35   47   71
  100  125  140  146  146  147  152  160  170
    10.0-180.0 180.0   5.0 450.0                            LAT/LON1/LON2/DLON/H
  183  195  208  221  231  242  253  266  278  288  293  296  295  292  287  279
  267  253  241  237  246  268  295  316  323  314  293  266  242  226  216  209
  203  196  190  185  178  168  155  143  130  116  100   87   78   76   76   75
   72   70   70   70   68   63   57   52   48   44   41   37   35   38   50   73
  101  126  141  147  150  155  162  172  183
     7.5-180.0 180.0   5.0 450.0                            LAT/LON1/LON2/DLON/H
  193  204  216  228  241  254  269  286  302  314  322  327  329  329  324  314
  299  280  265  263  277  303  331  347  345  327  300  272  249  235  226  219
  210  202  196  193  189  182  172  161  148  133  114   96   83   78   76   74
   71   69   68   67   65   60   56   52   48   44   41   38   38   42   55   76
  102  125  140  147  152  160  171  182  193
     5.0-180.0 180.0   5.0 450.0                            LAT/LON1/LON2/DLON/H
  201  211  223  235  249  265  285  306  324  339  348  355  360  362  359  349
  331  310  294  293  310  337  360  366  354  329  301  275  257  245  237  228
  217  206  199  196  194  190  183  175  164  150  130  108   92   82   78   75
   72   69   68   67   64   60   56   52   49   45   41   40   42   48   61   81
  105  126  139  147  154  165  178  190  201
     2.5-180.0 180.0   5.0 450.0                            LAT/LON1/LON2/DLON/H
  206  216  228  241  256  275  298  322  343  358  369  377  384  388  388  379
  361  340  326  326  342  364  377  373  353  325  299  280  268  258  249  236
  221  206  197  194  193  190  186  181  175  162  143  121  101   88   82   78
   75   72   71   69   65   61   58   54   51   46   42   42   45   53   67   87
  109  128  140  147  155  167  182  195  206
