examples/IONEXdata/CODG3140.17I
     1.0            IONOSPHERE MAPS     GNSS                IONEX VERSION / TYPE
ADDNEQ2 V5.3        AIUB                14-NOV-17 20:17     PGM / RUN BY / DATE 
CODE'S GLOBAL IONOSPHERE MAPS FOR DAY 314, 2017             COMMENT             
Global ionosphere maps (GIM) are generated on a daily basis DESCRIPTION         
at CODE using data from about 300 GNSS sites of the IGS and DESCRIPTION         
other institutions. The vertical total electron content     DESCRIPTION         
(VTEC) is modeled in a solar-geomagnetic reference frame    DESCRIPTION         
using a spherical harmonics expansion up to degree and      DESCRIPTION         
order 15. Piece-wise linear functions are used for          DESCRIPTION         
representation in the time domain. The time spacing of      DESCRIPTION         
their vertices is 1 hour, conforming with the epochs of the DESCRIPTION         
VTEC maps.                                                  DESCRIPTION         
To convert line-of-sight TEC into vertical TEC, a modified  DESCRIPTION         
single-layer model mapping function approximating the JPL   DESCRIPTION         
extended slab model mapping function is adopted. The        DESCRIPTION         
mapping function is evaluated at geodetic satellite         DESCRIPTION         
elevation angles. For the computation of the ionospheric    DESCRIPTION         
pierce points, a spherical layer with a radius of 6821 km   DESCRIPTION         
is assumed, implying geocentric, not geodetic IONEX         DESCRIPTION         
latitudes.                                                  DESCRIPTION         
Instrumental biases with respect to each involved GNSS code DESCRIPTION         
observable are estimated as constant values for each        DESCRIPTION         
day. They are modeled with one set of bias parameters for   DESCRIPTION         
each satellite and each station in case of GPS and for each DESCRIPTION         
satellite-station link in case of GLONASS. The code bias    DESCRIPTION         
datum is defined by zero-mean conditions imposed on the     DESCRIPTION         
satellite bias estimates. In this file, just GPS C1W-C2W    DESCRIPTION         
satellite and station bias values are included. The         DESCRIPTION         
complete set of GNSS code bias results is provided in an    DESCRIPTION         
additional Bias-SINEX file as pseudo-absolute values        DESCRIPTION         
specific to each observable.                                DESCRIPTION         
Note: These GIM results correspond to the results for the   DESCRIPTION         
middle day of a 3-day combination analysis solving for 73   DESCRIPTION         
times 256, or 18688 VTEC parameters and 3 daily sets of     DESCRIPTION         
GNSS code bias parameters.                                  DESCRIPTION         
Contact address: code(at)aiub.unibe.ch                      DESCRIPTION         
Data archive:    ftp.aiub.unibe.ch/CODE/                    DESCRIPTION         
                 www.aiub.unibe.ch/download/CODE/           DESCRIPTION         
  2017    11    10     0     0     0                        EPOCH OF FIRST MAP  
  2017    11    11     0     0     0                        EPOCH OF LAST MAP   
  3600                                                      INTERVAL            
[...]
gras graz guam guat guug harb hers hert hlfx hnlc hnpt hob2 COMMENT             
hofn holb hrao hyde iddr ieng iisc impz ineg invk iqal iqui COMMENT             
irkj isba joz2 joze karr kat1 kely kerg khar kir0 kiri kiru COMMENT             
kit3 kokb kokv kouc koug kour krgg lama laut lhaz lmmf lpal COMMENT             
lpgs m0se mac1 madr mag0 maju mal2 mana mas1 mat1 mate maui COMMENT             
maw1 mbar mcil mcm4 mdo1 mdvj medi mets mgue mizu mkea mnls COMMENT             
mobj mobk mobs monp morp mqzg mro1 mtka nain nano naur nico COMMENT             
nist nium nklg nlib nnor not1 novm nrc1 nril nrmd ntus nya1 COMMENT             
nyal ohi2 ohi3 onsa opmt ous2 pado parc park pbri pdel penc COMMENT             
pert pfa2 pie1 pimo pohn pol2 polv pots pove prds ptag ptbb COMMENT             
ptvl qaq1 quin rabt ramo rbay recf reso reun reyk rgdg rio2 COMMENT             
riop roth salu samo sant savo sch2 scor scrz sctb scub seyg COMMENT             
sfer shao sofi spt0 ssia sthl stjo stk2 str2 sutm suwn sydn COMMENT             
syog tabv tash tehn thtg thti thu2 thu3 tid1 tidb tixg tixi COMMENT             
tlse tn22 tnml tong tow2 tro1 tsea tskb twtf txes uclu ufpr COMMENT             
ulab unb3 unbj unsa urum urus usn7 usud vaco vald vill voim COMMENT             
vtsp wab1 wab2 wark wgtn whit will wind wsrt wtza wtzr wtzs COMMENT             
wtzz xmis yakt yar2 yar3 yarr ycba yell ykro yssk zamb zeck COMMENT             
zim2 zim3 zimj zimm                                         COMMENT             
                                                            END OF HEADER       
[from data line 8580]
    21                                                      START OF TEC MAP    
  2017    11    10    20     0     0                        EPOCH OF CURRENT MAP
    87.5-180.0 180.0   5.0 450.0                            LAT/LON1/LON2/DLON/H
   25   25   25   26   26   26   26   27   27   27   27   28   28   28   28   28
   28   28   28   27   27   27   26   26   25   25   24   24   23   22   22   21
   21   21   20   20   20   20   19   19   19   19   20   20   20   20   20   21
   21   21   21   22   22   22   22   23   23   23   23   23   23   23   23   24
   24   24   24   24   24   24   24   25   25
    85.0-180.0 180.0   5.0 450.0                            LAT/LON1/LON2/DLON/H
   24   24   25   25   26   27   27   28   29   30   31   32   33   33   34   34
   34   34   34   33   33   32   31   30   28   27   26   24   23   21   20   19
   18   17   16   16   15   15   15   15   15   16   16   17   18   18   19   20
   21   22   22   23   23   24   24   25   25   25   25   25   25   24   24   24
   24   24   23   23   23   23   23   23   24
    82.5-180.0 180.0   5.0 450.0                            LAT/LON1/LON2/DLON/H
   21   21   22   23   24   25   26   28   30   32   34   36   37   39   40   41
   42   42   41   41   40   38   37   35   32   30   28   25   23   21   19   17
   15   14   13   12   11   11   11   12   12   13   14   16   17   19   20   22
   23   25   26   27   27   28   28   29   29   28   28   27   27   26   25   25
   24   23   23   22   22   21   21   21   21
    80.0-180.0 180.0   5.0 450.0                            LAT/LON1/LON2/DLON/H
   18   18   19   19   20   22   24   26   29   32   35   38   41   44   46   47
   48   49   49   48   46   44   42   39   37   34   30   27   24   22   19   17
   14   13   11   10   10   10   10   11   12   13   15   17   19   21   23   25
   27   29   31   32   33   33   33   33   33   32   31   30   29   28   27   25
   24   23   22   21   20   20   19   19   18
    77.5-180.0 180.0   5.0 450.0                            LAT/LON1/LON2/DLON/H
   17   17   16   17   17   19   21   23   27   31   35   39   43   47   50   52
   54   54   54   53   52   49   47   44   40   37   34   30   27   24   21   18
   16   14   13   12   11   11   12   13   14   15   17   20   22   25   27   30
   32   34   35   36   37   37   37   37   36   35   33   32   30   28   27   26
   24   23   22   21   21   20   19   18   17
    75.0-180.0 180.0   5.0 450.0                            LAT/LON1/LON2/DLON/H
   19   18   17   16   16   17   19   22   25   30   35   40   45   50   53   56
   58   58   58   57   55   53   50   47   43   40   36   33   30   27   25   22
   20   18   17   16   15   15   15   16   17   19   21   23   25   28   30   33
   35   37   38   39   39   39   39   38   37   35   33   31   29   28   26   25
   24   23   23   22   22   22   21   20   19
    72.5-180.0 180.0   5.0 450.0                            LAT/LON1/LON2/DLON/H
   23   22   20   19   18   18   19   21   25   30   36   42   47   52   56   58
   60   60   60   58   57   54   51   48   45   42   39   36   33   31   28   26
   25   23   22   21   20   19   19   20   21   22   24   25   28   30   32   34
   35   37   38   38   38   38   37   36   35   33   31   29   27   26   24   23
   23   23   23   23   24   25   25   24   23
    70.0-180.0 180.0   5.0 450.0                            LAT/LON1/LON2/DLON/H
   29   28   26   24   22   21   21   23   27   33   39   45   50   55   58   60
   61   61   60   59   57   55   52   49   46   43   40   37   35   33   31   29
   28   27   25   24   23   22   22   22   22   23   25   26   28   30   31   32
   33   34   34   34   34   33   33   32   31   29   28   26   24   22   21   20
   20   21   22   23   25   27   28   29   29
    67.5-180.0 180.0   5.0 450.0                            LAT/LON1/LON2/DLON/H
   34   34   32   30   28   26   26   28   31   36   42   48   53   58   60   62
   62   62   61   60   58   56   53   50   47   43   40   36   34   32   31   30
   29   27   26   25   24   23   22   22   22   23   24   25   26   27   28   29
   29   28   28   27   27   27   26   26   25   24   23   22   21   19   18   17
   17   18   19   22   25   28   31   33   34
    65.0-180.0 180.0   5.0 450.0                            LAT/LON1/LON2/DLON/H
   37   38   38   36   34   32   32   33   36   41   47   52   57   60   62   63
   63   63   62   62   60   58   55   52   47   42   38   34   31   29   28   27
   26   25   24   22   21   20   19   19   20   20   22   23   24   24   24   24
   23   22   21   20   19   19   19   20   20   20   20   19   18   17   16   15
   14   14   15   18   21   26   30   34   37
    62.5-180.0 180.0   5.0 450.0                            LAT/LON1/LON2/DLON/H
   37   40   42   41   40   38   38   39   42   46   51   56   60   63   64   65
   65   65   65   65   64   62   59   54   48   41   35   30   26   24   23   22
   22   21   19   18   16   15   15   15   16   17   19   20   21   22   21   20
   19   17   15   13   13   13   14   15   16   18   18   18   18   17   15   13
   12   11   11   13   16   21   26   32   37
    60.0-180.0 180.0   5.0 450.0                            LAT/LON1/LON2/DLON/H
   35   40   44   45   45   44   44   45   47   51   55   59   62   64   65   66
   67   68   69   70   70   67   63   57   49   41   33   27   22   20   18   18
   17   16   14   13   11   10   10   11   13   15   17   19   20   21   20   19
   16   14   11   10    9   10   11   13   16   18   19   20   20   19   17   14
   11    9    7    8   10   15   21   28   35
    57.5-180.0 180.0   5.0 450.0                            LAT/LON1/LON2/DLON/H
   31   39   45   48   50   50   50   50   52   55   59   61   63   64   66   67
   69   72   74   76   75   73   68   61   52   43   34   26   21   18   17   16
   15   14   12   10    8    8    9   10   13   15   18   20   21   22   22   20
   18   15   12   10   10   11   13   15   18   20   22   23   23   23   21   17
   13    9    6    5    6   10   16   23   31
    55.0-180.0 180.0   5.0 450.0                            LAT/LON1/LON2/DLON/H
   30   39   46   52   55   56   56   57   58   60   62   63   64   64   66   68
   72   75   79   81   81   79   74   67   58   48   38   30   24   21   19   19
   18   16   13   11    9    9   10   13   16   18   21   23   25   26   27   25
   23   20   17   15   15   16   18   21   23   25   27   28   28   28   26   23
   18   13    8    6    6    8   13   21   30
    52.5-180.0 180.0   5.0 450.0                            LAT/LON1/LON2/DLON/H
   31   41   50   57   61   63   64   64   65   66   66   66   65   65   67   70
   74   79   82   84   84   83   79   73   65   56   46   38   32   29   27   26
   25   22   19   17   15   15   17   19   22   25   27   29   31   33   33   33
   31   28   25   24   23   24   26   28   30   31   32   33   34   33   32   28
   24   18   14   10   10   11   16   23   31
    50.0-180.0 180.0   5.0 450.0                            LAT/LON1/LON2/DLON/H
   38   47   57   65   70   73   74   74   74   73   72   70   68   67   69   73
   77   82   85   86   86   85   83   80   74   67   59   51   45   41   39   37
   35   32   29   26   24   24   26   28   31   33   35   36   38   40   42   42
   40   38   36   34   34   35   36   37   38   38   38   38   38   38   37   34
   30   25   21   18   18   19   23   29   38
    47.5-180.0 180.0   5.0 450.0                            LAT/LON1/LON2/DLON/H
   48   57   66   74   80   84   85   85   85   84   81   77   74   73   74   78
   82   85   86   86   86   87   88   87   85   80   73   65   59   54   51   48
   46   43   40   37   36   36   37   39   41   42   43   44   46   48   50   51
   50   48   46   45   45   45   46   46   45   43   42   42   42   41   40   38
   34   31   28   27   28   31   35   41   48
    45.0-180.0 180.0   5.0 450.0                            LAT/LON1/LON2/DLON/H
   61   68   77   85   92   95   97   98   98   96   92   87   83   81   82   85
   88   89   88   87   86   88   92   95   95   92   86   79   71   65   61   57
   55   52   49   48   47   47   48   48   49   49   50   50   52   55   57   58
   58   57   55   54   54   54   54   53   50   48   45   44   43   43   42   40
   37   35   34   35   39   44   49   54   61
    42.5-180.0 180.0   5.0 450.0                            LAT/LON1/LON2/DLON/H
   74   80   88   96  102  106  109  110  110  108  104   98   94   92   93   95
   96   94   91   88   88   92   97  102  104  102   96   87   79   72   66   62
   59   58   56   56   56   56   56   56   56   55   55   56   58   61   63   65
   65   63   62   61   61   61   59   57   54   50   47   45   44   44   43   40
   38   36   37   41   48   56   63   68   74
    40.0-180.0 180.0   5.0 450.0                            LAT/LON1/LON2/DLON/H
   85   91   97  104  110  115  118  121  121  120  115  109  105  104  105  106
  105  102   97   93   93   97  103  109  110  107  100   90   81   73   67   63
   61   60   61   62   62   62   62   61   60   59   59   60   63   65   68   69
   69   68   66   65   65   64   62   59   55   52   48   46   44   43   42   40
   37   35   37   44   54   65   73   80   85
    37.5-180.0 180.0   5.0 450.0                            LAT/LON1/LON2/DLON/H
   93   98  104  110  116  120  124  128  129  128  124  119  116  116  117  118
  115  111  105  102  102  106  111  114  113  107   98   88   78   71   65   62
   61   61   64   66   68   67   65   63   61   61   62   64   67   70   72   72
   72   70   68   67   66   65   63   59   56   52   49   47   45   43   41   39
   35   33   35   43   56   69   80   88   93
    35.0-180.0 180.0   5.0 450.0                            LAT/LON1/LON2/DLON/H
   98  102  107  113  118  123  127  132  134  134  131  127  125  126  128  128
  125  121  116  114  115  117  119  118  112  103   93   83   75   69   65   63
   63   65   68   71   73   71   68   65   62   63   65   68   71   73   75   75
   73   70   68   67   66   65   62   59   56   53   51   48   46   43   41   38
   34   32   33   42   55   71   84   93   98
    32.5-180.0 180.0   5.0 450.0                            LAT/LON1/LON2/DLON/H
  101  105  109  114  119  123  129  134  137  137  134  132  132  134  136  136
  134  131  128  128  129  130  127  120  110   99   89   81   76   74   72   71
   71   73   76   78   79   77   72   67   64   64   67   71   74   77   77   76
   74   70   67   66   65   63   61   58   55   54   52   49   46   44   41   38
   34   31   32   40   55   71   85   95  101
    30.0-180.0 180.0   5.0 450.0                            LAT/LON1/LON2/DLON/H
  103  107  111  116  120  125  130  136  139  140  138  136  137  140  142  142
  140  139  139  141  143  141  134  123  110   99   91   87   86   87   88   88
   87   88   89   89   88   83   77   70   66   67   70   74   77   79   79   77
   74   70   67   65   64   62   60   57   55   54   53   50   46   43   41   39
   36   33   33   41   55   72   87   97  103
    27.5-180.0 180.0   5.0 450.0                            LAT/LON1/LON2/DLON/H
  106  111  116  120  124  129  135  141  144  144  143  142  144  147  148  146
  144  144  147  151  153  150  140  128  115  106  102  104  108  113  115  115
  112  109  106  103   99   92   83   75   70   70   73   77   79   80   79   78
   75   71   67   64   63   61   59   57   55   54   52   49   45   42   40   39
   37   35   37   44   58   74   89  100  106
    25.0-180.0 180.0   5.0 450.0                            LAT/LON1/LON2/DLON/H
  112  118  123  128  132  138  144  150  153  153  152  152  154  156  154  150
  146  147  151  156  158  154  146  136  128  125  127  133  141  148  150  148
  142  134  126  119  111  102   91   82   76   74   76   79   79   79   78   77
   75   71   67   64   62   61   59   57   54   53   50   46   42   39   38   38
   38   38   41   50   64   80   94  105  112
    22.5-180.0 180.0   5.0 450.0                            LAT/LON1/LON2/DLON/H
  120  127  134  140  146  152  158  164  167  168  168  168  169  168  163  155
  149  148  151  156  158  156  152  149  150  155  163  173  182  188  188  183
  173  160  146  134  122  111   99   89   82   80   80   80   79   77   76   76
   75   72   68   64   62   61   59   56   53   50   46   41   37   34   34   36
   38   41   46   57   71   87  101  112  120
    20.0-180.0 180.0   5.0 450.0                            LAT/LON1/LON2/DLON/H
  130  139  148  156  163  170  177  183  187  188  189  191  191  186  176  163
  153  148  150  152  154  156  160  169  181  194  207  217  224  226  223  214
  199  181  163  146  132  119  107   97   90   86   84   82   79   75   74   75
   75   73   68   64   61   60   58   55   51   46   41   35   30   28   29   32
   37   42   51   64   80   95  109  120  130
    17.5-180.0 180.0   5.0 450.0                            LAT/LON1/LON2/DLON/H
  140  152  163  173  182  191  198  205  209  212  215  217  216  209  194  176
  161  152  148  148  150  158  173  194  218  239  253  260  261  257  249  236
  218  197  175  155  139  126  115  105   98   93   90   86   80   74   72   73
   74   73   68   63   60   59   57   53   47   41   34   28   24   23   25   28
   34   42   54   70   87  103  117  128  140
    15.0-180.0 180.0   5.0 450.0                            LAT/LON1/LON2/DLON/H
  149  163  177  190  201  211  220  227  232  237  243  246  244  234  215  193
  174  160  151  147  149  163  190  225  258  282  293  294  287  276  263  248
  229  207  184  163  146  133  123  114  108  103   99   93   84   76   72   73
   74   73   68   62   58   56   55   51   44   36   28   22   19   19   21   25
   32   42   57   75   93  109  123  136  149
    12.5-180.0 180.0   5.0 450.0                            LAT/LON1/LON2/DLON/H
  156  173  189  205  218  230  239  246  253  260  268  273  272  259  238  214
  192  175  161  153  156  176  213  257  295  318  322  315  300  284  268  252
  234  214  192  171  153  141  132  125  119  115  111  103   93   82   75   74
   75   73   68   61   57   54   52   48   41   32   24   18   16   17   20   24
   31   42   59   78   98  114  127  141  156
    10.0-180.0 180.0   5.0 450.0                            LAT/LON1/LON2/DLON/H
  161  179  198  216  232  245  254  262  270  279  289  296  295  283  262  239
  217  197  179  167  171  196  240  289  326  342  338  322  302  283  267  253
  239  222  202  181  164  151  143  136  132  129  126  118  105   91   81   77
   76   74   68   61   55   53   51   47   40   31   22   17   16   19   22   26
   32   44   61   82  101  116  130  144  161
     7.5-180.0 180.0   5.0 450.0                            LAT/LON1/LON2/DLON/H
  164  184  204  223  241  255  266  274  282  293  305  314  314  303  285  265
  245  225  205  192  196  223  269  316  346  352  340  319  298  281  268  257
  247  233  216  196  178  164  155  149  146  145  142  134  120  103   89   81
   78   75   69   61   55   52   50   47   40   32   24   19   20   23   26   30
   36   47   65   85  103  118  131  146  164
     5.0-180.0 180.0   5.0 450.0                            LAT/LON1/LON2/DLON/H
  166  186  207  227  247  263  275  283  291  303  316  326  328  320  306  291
  276  258  238  224  228  255  297  336  356  351  333  311  295  284  276  269
  262  251  234  215  195  179  168  161  158  159  158  151  136  116   98   86
   80   76   70   63   57   53   51   48   43   35   28   24   25   28   32   35
   41   52   70   89  105  119  132  147  166
     2.5-180.0 180.0   5.0 450.0                            LAT/LON1/LON2/DLON/H
  167  187  207  228  249  268  282  291  300  311  325  335  339  334  325  317
  307  293  274  260  263  287  322  349  356  343  322  306  299  297  294  290
  283  272  255  234  212  193  179  170  168  169  170  164  149  128  107   92
   84   78   73   66   60   56   53   50   46   40   34   31   31   35   38   41
   47   58   75   93  108  120  133  149  167
