examples/IONEXdata/CODG3130.17I
     1.0            IONOSPHERE MAPS     GNSS                IONEX VERSION / TYPE
ADDNEQ2 V5.3        AIUB                13-NOV-17 20:20     PGM / RUN BY / DATE 
CODE'S GLOBAL IONOSPHERE MAPS FOR DAY 313, 2017             COMMENT             
Global ionosphere maps (GIM) are generated on a daily basis DESCRIPTION         
at CODE using data from about 300 GNSS sites of the IGS and DESCRIPTION         
other institutions. The vertical total electron content     DESCRIPTION         
(VTEC) is modeled in a solar-geomagnetic reference frame    DESCRIPTION         
using a spherical harmonics expansion up to degree and      DESCRIPTION         
order 15. Piece-wise linear functions are used for          DESCRIPTION         
representation in the time domain. The time spacing of      DESCRIPTION         
their vertices is 1 hour, conforming with the epochs of the DESCRIPTION         
VTEC maps.                                                  DESCRIPTION         
To convert line-of-sight TEC into vertical TEC, a modified  DESCRIPTION         
single-layer model mapping function approximating the JPL   DESCRIPTION         
extended slab model mapping function is adopted. The        DESCRIPTION         
mapping function is evaluated at geodetic satellite         DESCRIPTION         
elevation angles. For the computation of the ionospheric    DESCRIPTION         
pierce points, a spherical layer with a radius of 6821 km   DESCRIPTION         
is assumed, implying geocentric, not geodetic IONEX         DESCRIPTION         
latitudes.                                                  DESCRIPTION         
Instrumental biases with respect to each involved GNSS code DESCRIPTION         
observable are estimated as constant values for each        DESCRIPTION         
day. They are modeled with one set of bias parameters for   DESCRIPTION         
each satellite and each station in case of GPS and for each DESCRIPTION         
satellite-station link in case of GLONASS. The code bias    DESCRIPTION         
datum is defined by zero-mean conditions imposed on the     DESCRIPTION         
satellite bias estimates. In this file, just GPS C1W-C2W    DESCRIPTION         
satellite and station bias values are included. The         DESCRIPTION         
complete set of GNSS code bias results is provided in an    DESCRIPTION         
additional Bias-SINEX file as pseudo-absolute values        DESCRIPTION         
specific to each observable.                                DESCRIPTION         
Note: These GIM results correspond to the results for the   DESCRIPTION         
middle day of a 3-day combination analysis solving for 73   DESCRIPTION         
times 256, or 18688 VTEC parameters and 3 daily sets of     DESCRIPTION         
GNSS code bias parameters.                                  DESCRIPTION         
Contact address: code(at)aiub.unibe.ch                      DESCRIPTION         
Data archive:    ftp.aiub.unibe.ch/CODE/                    DESCRIPTION         
                 www.aiub.unibe.ch/download/CODE/           DESCRIPTION         
  2017    11     9     0     0     0                        EPOCH OF FIRST MAP  
  2017    11    10     0     0     0                        EPOCH OF LAST MAP   
  3600                                                      INTERVAL            
[...]
gold gope gras graz guam guat guug harb hers hert hlfx hnlc COMMENT             
hnpt hob2 hofn holb hrao hyde iddr ieng iisc impz ineg invk COMMENT             
iqal iqui irkj isba joz2 joze karr kat1 kely kerg khar kir0 COMMENT             
kiri kiru kit3 kokb kokv kouc koug kour krgg lama laut lhaz COMMENT             
lmmf lpal lpgs m0se mac1 madr mag0 maju mal2 mana mas1 mat1 COMMENT             
mate maui maw1 mbar mcil mcm4 mdo1 mdvj medi mets mgue mizu COMMENT             
mkea mnls mobj mobk mobs monp morp mqzg mro1 mtka nano naur COMMENT             
nico nist nium nklg nlib nnor not1 novm nrc1 nril nrmd ntus COMMENT             
nya1 nyal ohi2 ohi3 onsa opmt ous2 pado park pbri pdel penc COMMENT             
pert pfa2 pie1 pimo pol2 polv pots pove prds ptag ptbb ptvl COMMENT             
qaq1 quin rabt ramo rbay recf reso reun reyk rgdg rio2 riop COMMENT             
roth salu samo sant savo sch2 scor scrz sctb scub seyg sfer COMMENT             
shao sofi spt0 ssia sthl stjo stk2 str2 sutm suwn sydn syog COMMENT             
tabl tabv tash tehn thtg thti thu2 thu3 tidb tixg tixi tlse COMMENT             
tn22 tnml tong tow2 tro1 tsea tskb tuva twtf txes uclu ufpr COMMENT             
ulab unb3 unbj unsa urum urus usn7 usud vaco vald vill voim COMMENT             
vtsp wab1 wab2 wark wgtn whit will wind wsrt wtza wtzr wtzs COMMENT             
wtzz xmis yakt yar2 yar3 yarr ycba yell ykro zamb zeck zim2 COMMENT             
zim3 zimj zimm                                              COMMENT             
                                                            END OF HEADER       
[from data line 3861]
    10                                                      START OF TEC MAP    
  2017    11     9     9     0     0                        EPOCH OF CURRENT MAP
    87.5-180.0 180.0   5.0 450.0                            LAT/LON1/LON2/DLON/H
   34   34   34   34   34   34   34   34   34   34   33   33   33   33   33   32
   32   32   32   31   31   31   31   31   31   31   31   31   31   31   31   31
   31   32   32   32   32   32   32   32   32   32   32   33   33   32   32   32
   32   32   32   32   32   32   32   32   32   32   32   32   32   32   32   32
   33   33   33   33   33   33   33   34   34
    85.0-180.0 180.0   5.0 450.0                            LAT/LON1/LON2/DLON/H
   34   34   35   35   35   35   35   35   35   34   34   33   33   32   31   30
   29   29   28   27   27   27   26   26   26   26   27   27   27   28   28   29
   30   30   31   31   32   32   33   33   33   33   33   33   33   33   33   32
   32   32   32   31   31   31   30   30   30   30   30   30   30   30   30   30
   30   31   31   32   32   33   33   34   34
    82.5-180.0 180.0   5.0 450.0                            LAT/LON1/LON2/DLON/H
   33   34   35   36   36   36   36   36   36   35   34   33   31   30   28   27
   25   24   23   22   21   20   20   20   20   21   21   22   23   24   26   27
   28   30   31   32   33   34   34   35   35   35   35   35   35   34   34   33
   33   32   32   31   30   30   29   29   28   28   27   27   27   27   27   27
   28   28   28   29   30   31   32   32   33
    80.0-180.0 180.0   5.0 450.0                            LAT/LON1/LON2/DLON/H
   32   33   34   36   36   37   37   37   36   34   33   31   29   27   24   22
   20   19   17   16   15   14   14   14   15   15   16   18   20   21   24   26
   28   30   32   33   35   36   37   38   38   38   38   38   37   37   37   36
   35   34   34   33   32   31   30   29   28   27   27   26   26   26   25   25
   25   26   26   26   27   28   29   30   32
    77.5-180.0 180.0   5.0 450.0                            LAT/LON1/LON2/DLON/H
   30   31   33   35   36   37   37   36   35   34   31   29   26   23   21   18
   16   14   13   11   11   10   10   10   11   12   14   15   17   20   23   25
   28   31   34   36   38   39   40   41   41   41   41   41   41   41   41   40
   40   39   38   37   35   34   32   31   30   29   28   27   27   26   26   25
   25   25   25   25   25   26   27   28   30
    75.0-180.0 180.0   5.0 450.0                            LAT/LON1/LON2/DLON/H
   27   29   31   33   35   36   36   36   34   32   29   26   23   20   17   15
   13   11   10   10    9    9    9   10   11   12   13   15   17   20   23   26
   29   32   35   38   40   42   43   44   44   45   45   45   46   46   46   46
   46   45   44   43   41   39   37   35   33   32   31   30   29   29   28   27
   27   26   25   24   24   24   25   26   27
    72.5-180.0 180.0   5.0 450.0                            LAT/LON1/LON2/DLON/H
   25   27   29   32   34   35   36   35   33   30   27   24   21   18   15   13
   12   11   11   11   11   12   12   13   13   14   15   16   18   20   23   26
   30   33   37   40   42   44   45   46   47   47   48   49   50   52   53   54
   54   53   52   50   47   44   41   39   36   34   33   33   32   32   32   31
   30   29   27   26   24   23   23   24   25
    70.0-180.0 180.0   5.0 450.0                            LAT/LON1/LON2/DLON/H
   23   25   27   30   32   34   35   34   32   29   25   22   19   16   15   14
   13   14   14   15   16   16   17   17   17   18   18   19   20   21   24   27
   30   33   37   40   42   44   46   47   48   49   51   53   55   58   60   62
   63   62   60   57   54   49   45   41   38   36   35   34   35   35   35   35
   34   32   30   28   26   24   22   22   23
    67.5-180.0 180.0   5.0 450.0                            LAT/LON1/LON2/DLON/H
   21   23   25   28   31   33   33   33   31   28   24   21   18   17   16   16
   17   18   19   20   21   22   22   22   22   21   21   21   21   22   23   26
   29   32   36   39   41   44   45   47   48   50   52   56   59   63   67   69
   71   70   68   64   58   52   46   41   38   35   34   34   35   36   36   36
   36   34   32   30   27   24   22   21   21
    65.0-180.0 180.0   5.0 450.0                            LAT/LON1/LON2/DLON/H
   19   20   22   25   28   31   32   31   30   27   24   21   19   18   19   19
   21   22   23   24   25   25   26   25   25   24   23   22   21   21   22   24
   27   30   34   37   40   42   44   46   48   50   54   58   63   68   73   76
   77   76   73   68   61   54   46   40   36   33   32   33   34   35   35   36
   35   34   33   30   28   25   22   20   19
    62.5-180.0 180.0   5.0 450.0                            LAT/LON1/LON2/DLON/H
   18   18   19   22   25   28   30   30   28   26   23   21   20   21   22   23
   24   25   26   26   26   26   26   26   25   24   23   22   21   20   21   23
   25   28   32   35   38   41   43   45   47   51   55   60   66   72   77   81
   82   80   76   70   62   54   46   39   34   32   31   31   32   32   33   33
   33   32   31   30   28   25   22   19   18
    60.0-180.0 180.0   5.0 450.0                            LAT/LON1/LON2/DLON/H
   16   15   16   19   22   25   27   27   26   24   22   21   21   23   24   26
   27   27   26   25   25   24   24   24   24   23   22   20   19   19   20   22
   25   28   31   35   37   40   42   45   48   51   56   63   69   75   80   83
   84   82   78   71   63   55   47   40   36   33   32   31   31   30   30   29
   28   28   28   28   27   25   22   19   16
    57.5-180.0 180.0   5.0 450.0                            LAT/LON1/LON2/DLON/H
   17   14   14   16   18   21   23   24   23   22   20   20   21   23   26   27
   27   26   25   22   21   20   20   20   21   20   19   19   18   19   20   23
   26   29   32   36   39   41   43   46   49   53   58   65   72   78   82   85
   85   83   79   73   66   58   51   45   41   39   37   35   34   31   28   26
   24   24   25   27   27   27   24   20   17
    55.0-180.0 180.0   5.0 450.0                            LAT/LON1/LON2/DLON/H
   19   15   13   14   16   19   20   21   20   18   18   18   19   22   24   26
   26   24   21   18   16   15   16   17   17   18   17   17   18   19   22   25
   29   32   36   39   42   44   46   48   51   56   62   68   75   81   84   86
   86   84   81   76   71   66   60   55   52   49   47   44   40   35   30   26
   23   23   25   27   29   30   28   24   19
    52.5-180.0 180.0   5.0 450.0                            LAT/LON1/LON2/DLON/H
   24   19   16   15   16   18   18   18   17   15   14   15   16   19   21   23
   23   21   18   15   12   12   12   14   15   16   16   17   18   21   24   29
   33   38   41   44   47   49   50   52   55   60   66   73   80   85   88   89
   88   86   85   83   80   77   73   69   66   63   60   56   50   43   36   30
   26   25   27   31   34   35   34   29   24
    50.0-180.0 180.0   5.0 450.0                            LAT/LON1/LON2/DLON/H
   31   25   21   20   20   20   19   17   15   13   12   12   13   15   17   19
   19   18   16   13   11   10   11   13   14   15   16   17   19   23   28   34
   39   44   48   51   53   55   56   58   61   66   72   79   86   91   93   93
   92   92   91   92   91   90   87   84   81   77   74   68   62   53   45   38
   34   32   34   37   41   42   41   37   31
    47.5-180.0 180.0   5.0 450.0                            LAT/LON1/LON2/DLON/H
   40   34   30   28   26   25   23   20   16   13   12   11   11   12   13   15
   17   17   15   13   12   12   13   14   16   16   17   18   20   25   31   38
   45   51   55   59   61   63   64   66   69   74   81   88   95   99  101  101
  100   99  100  102  103  103  101   97   93   88   84   78   71   63   55   48
   44   43   44   46   49   50   49   46   40
    45.0-180.0 180.0   5.0 450.0                            LAT/LON1/LON2/DLON/H
   48   43   40   37   36   33   30   25   21   17   15   13   12   12   13   14
   17   18   18   17   16   16   16   18   18   18   18   19   22   28   35   43
   51   57   63   67   70   72   73   76   79   84   90   98  105  110  111  110
  109  108  110  112  114  113  110  105   99   94   88   82   76   69   63   59
   56   54   54   55   56   57   56   53   48
    42.5-180.0 180.0   5.0 450.0                            LAT/LON1/LON2/DLON/H
   55   51   49   48   46   43   38   33   28   25   23   21   19   17   16   17
   20   23   24   23   22   21   21   22   22   21   21   22   25   31   39   48
   56   64   70   75   79   82   84   87   90   95  102  109  116  121  123  121
  119  118  118  120  121  119  115  108  100   93   87   81   75   71   68   66
   66   65   63   62   61   61   61   58   55
    40.0-180.0 180.0   5.0 450.0                            LAT/LON1/LON2/DLON/H
   58   57   56   56   56   53   48   42   38   36   35   34   31   27   25   25
   27   30   32   31   29   27   26   26   26   25   24   25   29   35   43   52
   62   70   78   84   89   93   96  100  103  108  114  121  127  132  134  132
  129  126  126  126  125  122  115  106   97   89   82   76   71   69   68   70
   72   71   69   65   63   62   61   60   58
    37.5-180.0 180.0   5.0 450.0                            LAT/LON1/LON2/DLON/H
   58   58   60   62   62   60   56   50   48   48   49   49   47   42   38   37
   38   40   41   40   37   34   32   31   30   29   29   30   34   40   49   58
   68   77   86   94  100  105  110  114  118  122  126  132  137  142  144  142
  138  134  131  129  127  122  114  105   95   86   78   72   67   65   67   70
   74   74   70   65   61   59   59   59   58
    35.0-180.0 180.0   5.0 450.0                            LAT/LON1/LON2/DLON/H
   57   57   60   63   66   65   61   57   56   59   63   66   64   59   54   51
   50   51   51   48   44   40   37   36   36   35   34   36   40   47   56   65
   75   85   95  105  112  119  124  129  133  136  138  142  146  151  153  151
  147  142  137  133  130  124  117  108   99   90   82   74   67   64   65   69
   73   74   70   63   58   56   56   56   57
    32.5-180.0 180.0   5.0 450.0                            LAT/LON1/LON2/DLON/H
   55   55   58   62   65   65   63   60   61   67   74   79   79   75   69   64
   62   60   59   55   50   46   43   42   42   41   41   43   48   55   64   73
   82   93  105  116  126  133  140  145  148  149  150  151  154  158  161  160
  156  150  145  141  137  133  127  121  114  106   97   87   77   71   69   71
   73   73   69   63   57   55   55   56   55
    30.0-180.0 180.0   5.0 450.0                            LAT/LON1/LON2/DLON/H
   57   55   56   59   63   64   62   60   63   70   79   87   89   86   80   75
   70   67   64   60   56   52   50   49   49   48   48   50   56   64   72   81
   90  102  115  128  140  148  156  161  164  163  161  159  161  166  170  171
  168  163  157  154  152  150  148  145  141  135  126  113   99   87   80   78
   78   76   72   66   62   60   60   59   57
    27.5-180.0 180.0   5.0 450.0                            LAT/LON1/LON2/DLON/H
   65   59   57   58   61   61   60   59   61   68   78   87   92   91   86   80
   75   71   67   63   59   57   56   56   56   54   54   56   63   72   80   89
   98  110  125  141  154  164  172  177  179  177  173  170  171  176  181  184
  183  180  177  176  176  178  179  180  179  175  165  150  132  114  101   93
   89   86   82   77   74   73   72   70   65
    25.0-180.0 180.0   5.0 450.0                            LAT/LON1/LON2/DLON/H
   78   68   62   60   61   61   59   57   58   64   72   81   86   88   85   80
   75   70   67   64   62   61   62   62   61   59   57   59   67   77   87   95
  105  118  135  153  168  179  187  193  195  192  187  183  184  189  197  202
  204  203  203  205  208  213  218  222  223  220  210  194  173  151  131  117
  109  104  100   97   94   93   92   87   78
    22.5-180.0 180.0   5.0 450.0                            LAT/LON1/LON2/DLON/H
   96   82   72   67   65   63   61   57   56   58   63   70   76   79   78   75
   71   67   64   63   62   63   65   66   64   59   56   59   68   80   91  100
  110  125  144  164  181  193  202  208  211  209  204  200  201  208  217  224
  228  231  234  239  245  252  258  263  265  263  254  238  216  191  167  149
  137  130  126  123  121  119  116  108   96
    20.0-180.0 180.0   5.0 450.0                            LAT/LON1/LON2/DLON/H
  115   99   85   76   72   70   66   61   56   54   54   58   63   67   69   68
   66   63   61   60   61   63   66   66   63   56   52   55   65   80   93  103
  114  130  151  174  193  206  216  223  227  227  223  221  224  231  241  249
  255  260  266  274  281  288  294  298  299  297  289  275  255  231  206  185
  170  161  156  153  150  146  141  130  115
    17.5-180.0 180.0   5.0 450.0                            LAT/LON1/LON2/DLON/H
  132  114   98   88   82   79   74   68   61   54   49   49   52   56   60   62
   61   59   58   58   59   61   63   62   57   49   45   48   61   78   93  105
  117  135  158  183  203  218  229  238  244  247  246  246  250  258  267  275
  281  288  296  304  312  317  320  321  321  317  311  300  285  265  242  220
  204  193  187  182  176  170  161  149  132
    15.0-180.0 180.0   5.0 450.0                            LAT/LON1/LON2/DLON/H
  142  124  108   98   92   88   84   78   68   58   49   45   46   50   55   58
   59   58   57   56   56   57   58   56   49   41   37   42   58   77   94  107
  121  140  165  190  211  226  238  250  260  266  270  272  277  285  292  298
  303  309  318  326  332  334  333  331  328  325  320  314  304  290  272  252
  235  223  214  205  196  186  174  160  142
    12.5-180.0 180.0   5.0 450.0                            LAT/LON1/LON2/DLON/H
  145  128  114  104   99   96   93   87   78   66   55   48   46   50   54   58
   60   60   58   56   54   53   52   48   40   32   30   39   56   78   96  110
  125  145  170  196  216  232  245  260  274  285  292  297  303  309  313  315
  317  322  330  338  341  340  336  331  326  322  319  317  313  306  293  277
  260  246  234  221  207  192  177  162  145
    10.0-180.0 180.0   5.0 450.0                            LAT/LON1/LON2/DLON/H
  140  126  113  105  102  100   99   94   86   75   64   56   53   55   58   62
   64   63   61   58   54   50   46   40   33   27   28   40   59   81  100  115
  130  150  175  199  218  233  248  266  284  299  310  318  324  327  327  325
  323  325  332  338  340  336  330  324  319  315  314  315  316  314  306  293
  277  261  245  227  209  190  172  156  140
     7.5-180.0 180.0   5.0 450.0                            LAT/LON1/LON2/DLON/H
  131  119  108  102  100  100  100   97   91   82   73   66   63   63   65   68
   69   68   65   61   55   49   43   36   30   27   31   46   67   88  106  120
  135  155  178  200  217  231  247  267  289  308  322  331  336  337  334  327
  321  320  324  330  331  327  321  316  312  311  311  313  316  317  312  300
  285  267  248  226  203  181  162  146  131
     5.0-180.0 180.0   5.0 450.0                            LAT/LON1/LON2/DLON/H
  123  111  102   97   96   97   98   96   92   86   80   75   72   71   72   73
   73   72   69   64   58   51   44   36   31   31   40   57   78   97  112  125
  140  159  179  197  212  225  242  264  289  311  326  336  340  339  332  321
  312  308  312  317  319  316  313  311  311  312  313  315  316  316  311  300
  285  266  244  220  195  172  152  137  123
     2.5-180.0 180.0   5.0 450.0                            LAT/LON1/LON2/DLON/H
  120  107   98   92   91   92   93   92   89   86   83   81   79   77   75   75
   74   73   70   67   62   56   49   41   36   40   52   71   91  107  119  130
  143  160  178  193  205  217  234  258  283  305  321  331  334  332  323  311
  299  294  297  303  307  308  309  312  317  321  322  321  319  314  307  295
  278  259  236  212  188  166  148  133  120
