examples/IONEXdata/CODG3120.17I
     1.0            IONOSPHERE MAPS     GNSS                IONEX VERSION / TYPE
ADDNEQ2 V5.3        AIUB                13-NOV-17 03:35     PGM / RUN BY / DATE 
CODE'S GLOBAL IONOSPHERE MAPS FOR DAY 312, 2017             COMMENT             
Global ionosphere maps (GIM) are generated on a daily basis DESCRIPTION         
at CODE using data from about 300 GNSS sites of the IGS and DESCRIPTION         
other institutions. The vertical total electron content     DESCRIPTION         
(VTEC) is modeled in a solar-geomagnetic reference frame    DESCRIPTION         
using a spherical harmonics expansion up to degree and      DESCRIPTION         
order 15. Piece-wise linear functions are used for          DESCRIPTION         
representation in the time domain. The time spacing of      DESCRIPTION         
their vertices is 1 hour, conforming with the epochs of the DESCRIPTION         
VTEC maps.                                                  DESCRIPTION         
To convert line-of-sight TEC into vertical TEC, a modified  DESCRIPTION         
single-layer model mapping function approximating the JPL   DESCRIPTION         
extended slab model mapping function is adopted. The        DESCRIPTION         
mapping function is evaluated at geodetic satellite         DESCRIPTION         
elevation angles. For the computation of the ionospheric    DESCRIPTION         
pierce points, a spherical layer with a radius of 6821 km   DESCRIPTION         
is assumed, implying geocentric, not geodetic IONEX         DESCRIPTION         
latitudes.                                                  DESCRIPTION         
Instrumental biases with respect to each involved GNSS code DESCRIPTION         
observable are estimated as constant values for each        DESCRIPTION         
day. They are modeled with one set of bias parameters for   DESCRIPTION         
each satellite and each station in case of GPS and for each DESCRIPTION         
satellite-station link in case of GLONASS. The code bias    DESCRIPTION         
datum is defined by zero-mean conditions imposed on the     DESCRIPTION         
satellite bias estimates. In this file, just GPS C1W-C2W    DESCRIPTION         
satellite and station bias values are included. The         DESCRIPTION         
complete set of GNSS code bias results is provided in an    DESCRIPTION         
additional Bias-SINEX file as pseudo-absolute values        DESCRIPTION         
specific to each observable.                                DESCRIPTION         
Note: These GIM results correspond to the results for the   DESCRIPTION         
middle day of a 3-day combination analysis solving for 73   DESCRIPTION         
times 256, or 18688 VTEC parameters and 3 daily sets of     DESCRIPTION         
GNSS code bias parameters.                                  DESCRIPTION         
Contact address: code(at)aiub.unibe.ch                      DESCRIPTION         
Data archive:    ftp.aiub.unibe.ch/CODE/                    DESCRIPTION         
                 www.aiub.unibe.ch/download/CODE/           DESCRIPTION         
  2017    11     8     0     0     0                        EPOCH OF FIRST MAP  
  2017    11     9     0     0     0                        EPOCH OF LAST MAP   
  3600                                                      INTERVAL            
[...]
gol2 gold gope gras graz guam guat guug harb hers hert hlfx COMMENT             
hnlc hnpt hob2 hofn holb hrao hyde iddr ieng iisc impz ineg COMMENT             
invk iqal iqui irkj isba joz2 joze karr kat1 kely kerg khar COMMENT             
kir0 kiri kiru kit3 kokb kokv kouc koug kour krgg lama laut COMMENT             
lhaz lmmf lpal lpgs m0se mac1 madr mag0 maju mal2 mana mas1 COMMENT             
mat1 mate maui maw1 mbar mcil mcm4 mdo1 mdvj medi mets mgue COMMENT             
mizu mkea mnls mobj mobk mobs monp morp mqzg mro1 mtka nano COMMENT             
naur nico nist nium nklg nlib nnor not1 novm nrc1 nril nrmd COMMENT             
ntus nya1 nyal ohi2 ohi3 onsa opmt ous2 pado parc park pbri COMMENT             
pdel penc pert pfa2 pie1 pimo pol2 polv pots pove prds ptag COMMENT             
ptbb ptvl qaq1 quin rabt ramo recf reso reun reyk rgdg rio2 COMMENT             
riop roth salu samo sant savo sch2 scor scrz sctb scub seyg COMMENT             
sfer shao sofi spt0 ssia sthl stjo stk2 str2 sutm suwn sydn COMMENT             
syog tabl tabv tash tehn thtg thti thu2 thu3 tid1 tidb tixg COMMENT             
tixi tlse tn22 tong tow2 tro1 tsea tskb twtf txes uclu ufpr COMMENT             
ulab unb3 unbj unsa urum urus usn7 usud vaco vald vill voim COMMENT             
vtsp wab1 wab2 wark wgtn whit will wind wsrt wtza wtzr wtzs COMMENT             
wtzz xmis yakt yar2 yar3 yarr ycba yell ykro yssk zamb zeck COMMENT             
zim2 zim3 zimj zimm                                         COMMENT             
                                                            END OF HEADER       
[from data line 4290]
    11                                                      START OF TEC MAP    
  2017    11     8    10     0     0                        EPOCH OF CURRENT MAP
    87.5-180.0 180.0   5.0 450.0                            LAT/LON1/LON2/DLON/H
   41   41   40   40   40   40   39   39   39   39   39   38   38   38   38   38
   37   37   37   37   37   37   37   37   37   37   37   37   37   37   37   37
   37   37   37   37   36   36   36   36   36   36   36   35   35   35   35   36
   36   36   36   36   37   37   37   38   38   38   39   39   39   40   40   40
   40   41   41   41   41   41   41   41   41
    85.0-180.0 180.0   5.0 450.0                            LAT/LON1/LON2/DLON/H
   43   43   42   42   41   40   40   39   38   38   37   36   36   35   35   35
   34   34   35   35   35   35   36   36   37   37   37   38   38   38   38   38
   38   38   38   37   37   36   35   35   34   34   33   32   32   32   32   32
   32   32   33   33   34   35   36   37   38   39   40   41   42   42   43   43
   44   44   44   44   44   44   44   44   43
    82.5-180.0 180.0   5.0 450.0                            LAT/LON1/LON2/DLON/H
   45   44   43   42   41   40   39   38   36   35   34   33   32   31   30   30
   29   30   30   30   31   32   33   35   36   37   38   39   40   41   41   41
   41   41   41   40   39   38   37   35   34   33   32   30   29   29   28   28
   28   29   29   31   32   33   35   37   38   40   42   43   44   45   46   47
   47   48   48   47   47   47   46   45   45
    80.0-180.0 180.0   5.0 450.0                            LAT/LON1/LON2/DLON/H
   44   43   42   42   41   39   38   36   35   33   31   29   27   26   25   24
   23   24   24   25   27   28   30   32   35   37   39   41   42   43   44   45
   45   45   45   44   43   42   40   38   36   34   32   30   29   28   27   26
   26   27   27   29   31   33   35   37   39   42   44   46   47   49   49   50
   50   50   49   48   48   47   46   45   44
    77.5-180.0 180.0   5.0 450.0                            LAT/LON1/LON2/DLON/H
   42   41   41   40   40   39   38   36   34   32   29   27   24   22   20   19
   18   18   18   20   22   24   27   30   33   36   39   41   43   45   47   48
   49   49   50   49   48   47   45   43   41   38   36   33   31   29   28   27
   26   27   28   29   31   33   36   38   41   44   46   48   50   51   51   51
   51   50   48   47   46   44   43   42   42
    75.0-180.0 180.0   5.0 450.0                            LAT/LON1/LON2/DLON/H
   38   38   39   39   40   40   39   37   35   33   30   27   23   20   18   16
   14   14   14   16   18   21   24   27   31   34   37   40   43   45   47   49
   51   52   53   54   54   53   52   50   47   44   41   38   36   33   32   30
   30   30   30   31   33   35   37   40   43   45   48   50   51   52   52   51
   50   48   46   43   41   40   39   38   38
    72.5-180.0 180.0   5.0 450.0                            LAT/LON1/LON2/DLON/H
   34   36   37   39   40   41   41   40   38   36   32   29   25   22   18   16
   14   13   13   14   16   19   22   26   29   32   35   38   40   42   45   47
   50   53   55   57   58   59   58   56   54   51   48   45   42   40   38   36
   35   35   35   35   36   37   39   41   43   46   48   50   51   51   51   49
   47   44   41   39   36   34   33   33   34
    70.0-180.0 180.0   5.0 450.0                            LAT/LON1/LON2/DLON/H
   31   34   37   39   42   43   44   43   42   39   36   32   29   25   22   19
   16   15   14   14   16   18   21   25   28   30   33   35   36   38   41   44
   47   51   55   59   61   63   63   62   60   58   55   52   50   48   46   44
   43   42   41   40   40   40   40   42   43   45   46   48   49   49   48   46
   44   40   37   34   31   30   29   30   31
    67.5-180.0 180.0   5.0 450.0                            LAT/LON1/LON2/DLON/H
   30   33   37   41   43   45   46   45   44   42   39   36   33   30   27   24
   21   19   17   17   18   19   22   24   27   29   30   31   32   33   36   39
   43   49   54   59   62   65   66   65   64   62   60   58   56   55   53   52
   51   49   47   46   44   43   42   41   42   42   43   44   45   45   44   43
   40   37   34   31   28   27   27   28   30
    65.0-180.0 180.0   5.0 450.0                            LAT/LON1/LON2/DLON/H
   31   35   39   42   45   47   47   46   44   41   39   37   35   33   31   29
   27   24   22   21   20   21   23   24   26   27   28   28   28   29   31   35
   40   46   52   58   62   65   66   66   65   64   63   62   61   61   60   59
   58   56   54   51   48   46   43   41   40   40   40   40   41   41   40   39
   37   35   32   29   28   27   27   29   31
    62.5-180.0 180.0   5.0 450.0                            LAT/LON1/LON2/DLON/H
   35   38   42   45   46   47   46   44   41   38   36   35   35   35   34   33
   31   29   26   24   23   22   23   24   25   26   26   26   26   26   28   32
   37   44   50   56   61   63   64   65   64   64   64   65   65   66   66   66
   65   63   60   57   53   49   46   42   40   38   37   36   36   36   36   36
   35   34   32   31   30   29   30   32   35
    60.0-180.0 180.0   5.0 450.0                            LAT/LON1/LON2/DLON/H
   40   43   45   47   48   47   44   40   36   32   30   30   31   33   35   35
   34   31   28   26   23   22   23   23   24   25   25   25   25   26   28   32
   37   43   50   55   58   60   61   62   62   63   65   67   69   70   71   71
   70   69   66   63   59   55   50   46   42   38   36   34   33   33   33   34
   34   34   34   34   34   34   35   37   40
    57.5-180.0 180.0   5.0 450.0                            LAT/LON1/LON2/DLON/H
   46   48   49   50   50   47   43   37   31   26   23   23   25   29   32   33
   33   31   28   25   23   21   21   21   22   24   24   25   25   27   29   33
   39   44   50   54   56   58   58   59   60   63   66   69   72   75   76   76
   76   75   73   70   66   61   56   51   46   41   37   33   32   31   32   33
   35   36   37   38   39   40   42   44   46
    55.0-180.0 180.0   5.0 450.0                            LAT/LON1/LON2/DLON/H
   51   53   54   54   53   50   45   37   29   22   18   17   20   23   27   29
   29   28   26   23   21   19   19   19   20   22   23   25   27   29   32   36
   42   47   51   54   55   56   56   58   61   65   70   75   78   80   81   81
   81   80   79   77   74   70   64   59   52   46   40   35   32   31   32   35
   37   40   41   43   44   46   48   50   51
    52.5-180.0 180.0   5.0 450.0                            LAT/LON1/LON2/DLON/H
   57   58   59   59   59   56   51   42   32   24   18   15   16   19   22   24
   24   23   22   20   19   17   16   16   18   20   23   26   29   32   36   40
   45   50   53   55   56   57   58   61   66   71   77   83   86   87   87   87
   86   86   86   85   82   79   73   67   60   52   45   38   34   33   34   38
   41   44   46   48   49   51   53   55   57
    50.0-180.0 180.0   5.0 450.0                            LAT/LON1/LON2/DLON/H
   62   63   64   66   67   66   61   53   42   32   24   19   18   19   20   20
   19   18   18   17   17   16   15   15   16   19   23   27   31   35   40   45
   49   54   56   58   59   61   64   69   75   82   89   93   96   96   94   93
   92   93   93   93   91   87   82   76   68   59   50   43   38   36   39   43
   47   50   52   53   54   55   58   60   62
    47.5-180.0 180.0   5.0 450.0                            LAT/LON1/LON2/DLON/H
   66   68   70   73   76   78   75   68   58   46   37   31   27   25   22   19
   17   16   16   16   17   16   15   14   15   19   24   29   34   39   44   49
   53   57   60   63   66   70   75   82   89   97  102  106  106  104  102   99
   99   99  100   99   98   94   89   83   75   66   56   47   42   41   44   50
   55   58   58   58   58   59   62   64   66
    45.0-180.0 180.0   5.0 450.0                            LAT/LON1/LON2/DLON/H
   70   71   75   80   85   90   90   86   77   66   56   48   42   36   30   24
   19   16   16   18   19   18   17   16   17   21   27   33   39   44   49   53
   57   61   65   69   75   82   91   99  107  113  117  118  116  113  108  106
  105  105  106  105  103   99   93   87   80   70   61   52   47   47   51   58
   64   66   66   64   62   63   65   68   70
    42.5-180.0 180.0   5.0 450.0                            LAT/LON1/LON2/DLON/H
   72   74   78   84   92  100  103  102   95   86   77   69   61   52   43   33
   25   21   20   22   23   22   20   19   21   26   33   40   46   51   55   59
   62   66   71   78   87   98  109  119  126  129  130  128  124  119  114  112
  111  111  111  110  106  101   96   90   83   74   65   56   52   53   59   67
   74   76   74   70   67   67   69   71   72
    40.0-180.0 180.0   5.0 450.0                            LAT/LON1/LON2/DLON/H
   74   75   78   85   95  105  111  112  109  103   96   89   81   71   58   45
   35   29   27   28   29   27   25   24   26   33   42   50   57   61   63   66
   69   73   79   89  101  116  130  140  144  144  141  136  130  125  120  117
  117  117  116  113  109  103   98   92   86   78   69   61   57   59   66   76
   83   85   81   76   72   71   72   73   74
    37.5-180.0 180.0   5.0 450.0                            LAT/LON1/LON2/DLON/H
   73   73   75   82   93  103  111  115  115  113  109  105   98   88   74   60
   47   39   36   35   35   33   30   29   33   41   52   62   69   72   73   74
   77   81   89  101  117  135  150  159  160  156  149  141  135  130  126  124
  124  124  122  118  112  106  101   96   90   83   74   67   64   66   74   83
   90   92   88   82   76   74   74   74   73
    35.0-180.0 180.0   5.0 450.0                            LAT/LON1/LON2/DLON/H
   71   69   70   76   85   95  103  108  111  113  113  113  109  100   88   73
   59   50   45   43   41   38   34   35   40   51   64   75   82   85   85   85
   87   91  101  115  133  152  168  175  173  165  155  146  141  137  134  134
  133  133  129  124  117  112  107  103   98   90   82   75   71   74   80   89
   96   97   93   86   80   77   75   73   71
    32.5-180.0 180.0   5.0 450.0                            LAT/LON1/LON2/DLON/H
   67   63   63   67   75   83   90   95   99  104  109  112  111  106   96   83
   70   60   53   49   45   41   38   39   46   59   74   87   95   98   97   96
   98  103  113  129  149  168  183  188  184  173  162  154  150  148  147  147
  146  144  140  133  127  122  119  115  109  101   93   86   82   82   87   94
   99   99   95   88   82   79   76   72   67
    30.0-180.0 180.0   5.0 450.0                            LAT/LON1/LON2/DLON/H
   63   58   56   60   65   70   75   78   83   90   97  103  107  105   99   89
   77   67   60   54   48   43   40   42   51   65   82   96  105  109  108  108
  110  116  128  144  164  183  196  200  194  182  172  166  165  165  166  165
  164  161  155  148  142  138  136  132  125  116  107  100   95   93   95   98
  100   99   95   89   84   79   75   69   63
    27.5-180.0 180.0   5.0 450.0                            LAT/LON1/LON2/DLON/H
   60   54   53   55   58   61   62   64   68   74   83   91   97   99   97   91
   82   72   64   57   50   45   42   45   54   69   86  102  112  116  117  118
  122  130  143  160  178  195  207  210  204  195  188  186  187  190  191  189
  187  182  175  168  163  160  158  154  145  135  125  118  112  107  104  102
  101   99   94   89   84   80   75   68   60
    25.0-180.0 180.0   5.0 450.0                            LAT/LON1/LON2/DLON/H
   60   55   54   56   58   57   56   55   58   63   71   79   86   91   93   90
   83   75   66   58   51   46   44   47   56   70   87  103  114  121  124  127
  133  144  159  176  193  207  217  220  217  212  209  212  217  221  221  219
  214  208  200  192  188  186  184  178  168  156  146  139  132  124  116  109
  103   99   94   89   85   81   76   68   60
    22.5-180.0 180.0   5.0 450.0                            LAT/LON1/LON2/DLON/H
   64   60   61   63   64   62   58   56   56   60   65   72   78   85   88   88
   84   77   68   60   53   48   46   49   57   69   85  100  113  122  129  135
  145  160  177  193  208  219  228  232  233  233  236  244  252  256  256  251
  245  237  228  220  215  213  211  204  192  180  170  163  155  144  131  118
  108  101   94   90   87   84   79   71   64
    20.0-180.0 180.0   5.0 450.0                            LAT/LON1/LON2/DLON/H
   72   70   72   75   76   73   69   66   65   66   68   72   77   82   86   88
   85   79   71   64   57   52   50   52   58   68   82   97  111  123  133  143
  157  176  195  211  223  232  239  245  251  257  266  278  288  292  290  284
  276  267  257  248  242  240  237  229  216  204  195  189  181  167  149  131
  117  106   98   93   90   88   83   77   72
    17.5-180.0 180.0   5.0 450.0                            LAT/LON1/LON2/DLON/H
   82   82   86   89   90   88   84   82   81   80   80   80   82   85   88   90
   88   82   76   69   63   58   56   57   61   68   79   94  109  124  138  152
  170  192  213  229  238  244  250  259  270  282  295  309  320  325  322  315
  306  295  284  273  267  264  260  251  239  228  221  217  207  190  168  146
  128  114  104   98   95   93   90   85   82
    15.0-180.0 180.0   5.0 450.0                            LAT/LON1/LON2/DLON/H
   92   94   98  102  102  101  100  100  100   99   97   94   93   93   94   94
   92   88   82   76   71   66   64   63   65   70   79   93  111  128  145  163
  184  208  230  245  251  254  260  272  287  303  320  335  346  350  347  340
  330  319  306  294  286  282  278  270  259  251  247  243  233  213  188  163
  142  125  113  105  101  100   97   94   92
    12.5-180.0 180.0   5.0 450.0                            LAT/LON1/LON2/DLON/H
  101  103  107  109  110  110  111  115  117  118  115  111  107  104  102  100
   98   94   90   85   80   75   72   70   71   75   83   97  116  136  155  175
  198  223  245  258  261  262  268  282  300  319  336  352  362  366  364  357
  347  335  322  309  299  295  291  285  278  274  272  268  256  233  205  178
  156  138  123  113  108  106  104  102  101
    10.0-180.0 180.0   5.0 450.0                            LAT/LON1/LON2/DLON/H
  107  108  110  111  110  111  115  122  128  130  129  124  119  113  109  105
  103  101   99   95   90   85   81   78   78   82   90  105  125  147  168  188
  211  235  256  266  267  267  273  288  308  327  343  357  368  372  370  364
  355  343  329  316  306  301  299  296  293  293  294  289  273  247  218  191
  169  150  134  122  115  112  110  108  107
     7.5-180.0 180.0   5.0 450.0                            LAT/LON1/LON2/DLON/H
  109  109  108  107  105  105  111  120  128  134  135  131  126  119  112  108
  106  106  106  104   99   94   89   86   86   90  100  116  137  160  181  201
  222  244  261  269  269  268  274  290  309  327  341  353  363  368  367  362
  353  342  328  315  305  302  301  302  305  308  310  303  284  255  225  199
  178  160  143  130  122  118  115  111  109
     5.0-180.0 180.0   5.0 450.0                            LAT/LON1/LON2/DLON/H
  110  107  104  100   96   96  101  110  120  127  131  130  125  118  110  106
  105  107  109  109  106  100   95   92   94   99  110  127  149  172  193  212
  230  248  263  268  266  265  272  288  306  321  332  341  350  355  356  351
  343  332  319  307  299  297  299  304  310  316  318  310  287  256  226  203
  185  168  152  138  129  124  119  114  110
     2.5-180.0 180.0   5.0 450.0                            LAT/LON1/LON2/DLON/H
  110  106  101   95   89   87   90   97  106  114  119  120  117  110  103   99
  100  104  109  111  109  104   99   98  100  108  120  137  159  182  202  219
  234  249  260  263  261  261  268  283  299  311  318  325  332  338  338  334
  325  315  304  294  289  288  292  299  307  315  317  306  282  250  222  201
  187  173  159  146  137  130  123  116  110
