examples/IONEXdata/CODG3120.17I
     1.0            IONOSPHERE MAPS     GNSS                IONEX VERSION / TYPE
ADDNEQ2 V5.3        AIUB                13-NOV-17 03:35     PGM / RUN BY / DATE 
CODE'S GLOBAL IONOSPHERE MAPS FOR DAY 312, 2017             COMMENT             
Global ionosphere maps (GIM) are generated on a daily basis DESCRIPTION         
at CODE using data from about 300 GNSS sites of the IGS and DESCRIPTION         
other institutions. The vertical total electron content     DESCRIPTION         
(VTEC) is modeled in a solar-geomagnetic reference frame    DESCRIPTION         
using a spherical harmonics expansion up to degree and      DESCRIPTION         
order 15. Piece-wise linear functions are used for          DESCRIPTION         
representation in the time domain. The time spacing of      DESCRIPTION         
their vertices is 1 hour, conforming with the epochs of the DESCRIPTION         
VTEC maps.                                                  DESCRIPTION         
To convert line-of-sight TEC into vertical TEC, a modified  DESCRIPTION         
single-layer model mapping function approximating the JPL   DESCRIPTION         
extended slab model mapping function is adopted. The        DESCRIPTION         
mapping function is evaluated at geodetic satellite         DESCRIPTION         
elevation angles. For the computation of the ionospheric    DESCRIPTION         
pierce points, a spherical layer with a radius of 6821 km   DESCRIPTION         
is assumed, implying geocentric, not geodetic IONEX         DESCRIPTION         
latitudes.                                                  DESCRIPTION         
Instrumental biases with respect to each involved GNSS code DESCRIPTION         
observable are estimated as constant values for each        DESCRIPTION         
day. They are modeled with one set of bias parameters for   DESCRIPTION         
each satellite and each station in case of GPS and for each DESCRIPTION         
satellite-station link in case of GLONASS. The code bias    DESCRIPTION         
datum is defined by zero-mean conditions imposed on the     DESCRIPTION         
satellite bias estimates. In this file, just GPS C1W-C2W    DESCRIPTION         
satellite and station bias values are included. The         DESCRIPTION         
complete set of GNSS code bias results is provided in an    DESCRIPTION         
additional Bias-SINEX file as pseudo-absolute values        DESCRIPTION         
specific to each observable.                                DESCRIPTION         
Note: These GIM results correspond to the results for the   DESCRIPTION         
middle day of a 3-day combination analysis solving for 73   DESCRIPTION         
times 256, or 18688 VTEC parameters and 3 daily sets of     DESCRIPTION         
GNSS code bias parameters.                                  DESCRIPTION         
Contact address: code(at)aiub.unibe.ch                      DESCRIPTION         
Data archive:    ftp.aiub.unibe.ch/CODE/                    DESCRIPTION         
                 www.aiub.unibe.ch/download/CODE/           DESCRIPTION         
  2017    11     8     0     0     0                        EPOCH OF FIRST MAP  
  2017    11     9     0     0     0                        EPOCH OF LAST MAP   
  3600                                                      INTERVAL            
[...]
gol2 gold gope gras graz guam guat guug harb hers hert hlfx COMMENT             
hnlc hnpt hob2 hofn holb hrao hyde iddr ieng iisc impz ineg COMMENT             
invk iqal iqui irkj isba joz2 joze karr kat1 kely kerg khar COMMENT             
kir0 kiri kiru kit3 kokb kokv kouc koug kour krgg lama laut COMMENT             
lhaz lmmf lpal lpgs m0se mac1 madr mag0 maju mal2 mana mas1 COMMENT             
mat1 mate maui maw1 mbar mcil mcm4 mdo1 mdvj medi mets mgue COMMENT             
mizu mkea mnls mobj mobk mobs monp morp mqzg mro1 mtka nano COMMENT             
naur nico nist nium nklg nlib nnor not1 novm nrc1 nril nrmd COMMENT             
ntus nya1 nyal ohi2 ohi3 onsa opmt ous2 pado parc park pbri COMMENT             
pdel penc pert pfa2 pie1 pimo pol2 polv pots pove prds ptag COMMENT             
ptbb ptvl qaq1 quin rabt ramo recf reso reun reyk rgdg rio2 COMMENT             
riop roth salu samo sant savo sch2 scor scrz sctb scub seyg COMMENT             
sfer shao sofi spt0 ssia sthl stjo stk2 str2 sutm suwn sydn COMMENT             
syog tabl tabv tash tehn thtg thti thu2 thu3 tid1 tidb tixg COMMENT             
tixi tlse tn22 tong tow2 tro1 tsea tskb twtf txes uclu ufpr COMMENT             
ulab unb3 unbj unsa urum urus usn7 usud vaco vald vill voim COMMENT             
vtsp wab1 wab2 wark wgtn whit will wind wsrt wtza wtzr wtzs COMMENT             
wtzz xmis yakt yar2 yar3 yarr ycba yell ykro yssk zamb zeck COMMENT             
zim2 zim3 zimj zimm                                         COMMENT             
                                                            END OF HEADER       
[from data line 9867]
    24                                                      START OF TEC MAP    
  2017    11     8    23     0     0                        EPOCH OF CURRENT MAP
    87.5-180.0 180.0   5.0 450.0                            LAT/LON1/LON2/DLON/H
   34   34   34   34   34   33   33   33   33   33   33   33   33   33   33   33
   33   33   32   32   32   32   32   32   32   32   31   31   31   31   31   31
   31   31   31   31   31   31   32   32   32   32   33   33   33   34   34   34
   35   35   35   36   36   36   36   37   37   37   37   37   37   37   37   36
   36   36   36   36   35   35   35   35   34
    85.0-180.0 180.0   5.0 450.0                            LAT/LON1/LON2/DLON/H
   34   34   33   33   32   32   32   32   32   33   33   33   33   33   34   34
   34   34   34   33   33   33   32   32   31   30   30   29   29   28   28   28
   27   27   27   27   27   28   28   29   29   30   31   31   32   33   34   34
   35   36   37   37   38   39   39   40   40   40   40   40   40   40   40   39
   39   38   38   37   37   36   35   35   34
    82.5-180.0 180.0   5.0 450.0                            LAT/LON1/LON2/DLON/H
   34   33   32   32   31   31   32   32   33   33   34   35   36   36   37   37
   38   38   37   37   36   35   34   33   32   30   29   28   27   26   25   24
   24   23   23   23   24   24   25   25   26   27   28   29   30   31   33   34
   35   36   37   38   39   40   41   41   42   42   42   43   42   42   42   41
   41   40   39   39   38   37   36   35   34
    80.0-180.0 180.0   5.0 450.0                            LAT/LON1/LON2/DLON/H
   35   34   33   32   32   32   32   33   35   36   38   39   41   42   43   43
   44   43   43   42   40   39   37   35   33   30   28   26   25   23   22   21
   21   20   20   20   21   21   22   23   24   25   26   28   29   30   32   33
   34   35   37   38   39   40   41   41   42   42   43   43   43   43   42   42
   42   41   41   40   39   38   37   36   35
    77.5-180.0 180.0   5.0 450.0                            LAT/LON1/LON2/DLON/H
   38   36   35   35   34   35   36   37   39   41   44   46   48   49   50   50
   50   49   48   46   44   42   39   36   33   31   28   26   24   22   21   20
   19   19   19   20   20   21   22   23   24   25   26   27   29   30   31   32
   33   34   35   36   37   38   39   39   40   40   40   40   40   40   40   40
   40   41   41   41   41   40   40   39   38
    75.0-180.0 180.0   5.0 450.0                            LAT/LON1/LON2/DLON/H
   43   41   40   39   39   39   40   43   45   49   52   54   56   57   57   56
   55   53   51   49   46   43   40   37   34   31   28   26   24   22   21   21
   20   21   21   22   23   23   24   25   26   27   28   29   30   30   31   32
   32   33   33   34   35   35   36   36   36   36   36   36   36   36   36   36
   37   39   40   41   43   43   44   43   43
    72.5-180.0 180.0   5.0 450.0                            LAT/LON1/LON2/DLON/H
   49   47   46   44   43   44   45   48   52   56   60   63   64   64   62   60
   57   54   51   48   45   43   40   37   34   31   29   26   25   24   23   23
   24   24   25   26   26   27   27   28   29   29   30   31   31   32   32   32
   32   32   32   32   32   32   32   32   32   31   31   30   30   30   30   31
   33   35   38   41   44   46   48   49   49
    70.0-180.0 180.0   5.0 450.0                            LAT/LON1/LON2/DLON/H
   54   53   51   49   47   47   49   53   58   63   67   69   70   68   64   60
   55   51   48   45   43   41   39   36   34   32   30   28   27   26   26   27
   27   28   29   29   30   30   30   30   31   31   32   33   33   33   33   32
   31   30   30   29   29   29   28   28   28   27   26   25   24   24   24   26
   28   31   35   40   45   49   52   54   54
    67.5-180.0 180.0   5.0 450.0                            LAT/LON1/LON2/DLON/H
   59   58   55   51   49   48   50   54   60   66   71   73   72   69   63   56
   50   45   42   40   38   37   37   36   34   33   31   30   29   29   29   30
   30   31   31   32   31   31   31   30   31   31   32   33   34   34   33   32
   30   29   28   27   26   25   25   25   24   23   22   21   21   20   21   22
   24   28   33   38   45   51   56   59   59
    65.0-180.0 180.0   5.0 450.0                            LAT/LON1/LON2/DLON/H
   63   62   58   52   48   46   48   53   60   67   72   74   72   66   59   51
   43   38   35   34   34   34   35   35   34   34   33   32   31   30   30   30
   31   31   31   31   30   29   28   27   28   29   30   31   32   33   32   31
   29   27   25   24   23   22   22   22   22   21   20   20   19   20   20   22
   24   27   32   38   45   52   58   62   63
    62.5-180.0 180.0   5.0 450.0                            LAT/LON1/LON2/DLON/H
   66   65   60   53   47   44   44   49   56   64   70   72   69   62   53   44
   37   33   30   30   31   31   32   33   33   33   33   32   31   30   29   28
   28   28   27   27   25   24   22   22   22   24   26   28   29   30   30   28
   26   24   22   21   20   20   20   20   19   19   19   20   21   22   24   26
   28   31   35   40   46   53   60   65   66
    60.0-180.0 180.0   5.0 450.0                            LAT/LON1/LON2/DLON/H
   71   69   64   57   48   43   41   45   52   60   66   68   65   58   49   41
   34   31   29   29   29   29   29   30   31   31   31   31   29   27   25   23
   22   22   21   20   19   18   16   16   16   18   20   23   25   27   27   25
   23   21   19   18   17   17   17   18   18   18   19   20   23   27   31   34
   36   39   41   45   50   56   62   68   71
    57.5-180.0 180.0   5.0 450.0                            LAT/LON1/LON2/DLON/H
   77   77   72   64   55   47   43   45   50   57   63   64   61   55   47   41
   36   33   32   30   28   27   26   26   27   28   29   29   27   24   20   17
   15   15   15   15   14   13   11   11   11   13   16   19   22   24   24   23
   21   19   18   16   16   16   16   16   16   16   18   22   27   33   39   45
   48   50   52   53   56   61   67   73   77
    55.0-180.0 180.0   5.0 450.0                            LAT/LON1/LON2/DLON/H
   85   87   84   77   67   58   51   50   53   58   62   63   60   55   50   46
   43   41   38   34   29   25   22   21   22   24   26   27   24   20   15   11
    9    9   10   12   12   11   10   10   10   12   14   17   20   22   23   23
   21   20   18   17   17   17   17   16   15   16   18   23   30   39   49   57
   62   64   65   65   66   70   75   81   85
    52.5-180.0 180.0   5.0 450.0                            LAT/LON1/LON2/DLON/H
   96   99   99   94   85   76   67   62   62   64   66   66   63   60   57   55
   54   52   47   40   31   23   18   16   18   22   25   26   24   19   13    9
    7    8   10   13   15   15   14   13   13   14   17   19   22   24   25   25
   24   23   22   21   21   20   20   18   17   16   18   24   33   45   58   68
   75   78   79   79   79   81   85   91   96
    50.0-180.0 180.0   5.0 450.0                            LAT/LON1/LON2/DLON/H
  107  112  114  113  107   98   89   81   77   75   74   73   70   68   68   68
   68   65   58   47   34   23   16   15   17   22   27   29   27   22   15   11
    9   12   16   20   23   23   22   21   21   21   23   24   27   29   30   31
   31   30   29   28   27   27   26   23   20   19   20   26   37   51   65   77
   86   91   93   94   94   95   98  102  107
    47.5-180.0 180.0   5.0 450.0                            LAT/LON1/LON2/DLON/H
  116  121  126  129  128  121  112  103   96   91   87   84   81   80   81   83
   83   79   69   54   39   27   20   18   22   27   32   34   33   28   22   18
   17   21   26   32   35   35   33   31   30   31   32   33   35   37   39   40
   41   40   38   37   37   36   34   30   26   24   25   31   42   57   72   86
   95  102  106  108  110  111  112  113  116
    45.0-180.0 180.0   5.0 450.0                            LAT/LON1/LON2/DLON/H
  123  126  132  139  142  141  134  125  116  109  103   98   95   93   95   97
   97   92   80   64   48   36   30   29   32   36   41   42   41   37   32   28
   29   33   40   45   47   47   44   42   41   41   42   43   45   47   49   51
   52   51   49   48   47   46   43   39   34   31   32   38   50   65   80   93
  103  110  116  122  126  127  126  123  123
    42.5-180.0 180.0   5.0 450.0                            LAT/LON1/LON2/DLON/H
  126  125  130  140  149  152  150  143  134  126  120  114  110  108  109  111
  110  104   91   75   61   51   46   45   46   48   50   51   49   46   43   41
   42   47   53   57   58   56   52   50   49   50   52   53   55   58   61   63
   63   62   60   58   57   55   52   48   42   39   40   47   60   75   90  101
  110  117  125  134  141  144  140  133  126
    40.0-180.0 180.0   5.0 450.0                            LAT/LON1/LON2/DLON/H
  128  121  123  134  146  155  157  154  148  141  135  130  125  123  123  124
  123  116  104   90   78   71   67   64   62   60   58   57   56   54   53   52
   54   58   63   65   64   61   57   55   55   57   60   62   64   67   71   73
   73   71   68   65   64   62   59   54   49   47   49   58   72   88  102  112
  118  125  134  146  156  160  155  142  128
    37.5-180.0 180.0   5.0 450.0                            LAT/LON1/LON2/DLON/H
  133  118  115  124  138  151  158  158  156  153  149  144  140  137  136  137
  135  129  118  107   98   92   87   82   75   68   63   60   59   59   60   61
   62   65   68   69   66   62   57   56   58   62   66   69   72   75   78   79
   79   76   72   69   67   65   62   57   53   52   56   68   84  102  116  125
  130  134  143  157  171  178  171  154  133
    35.0-180.0 180.0   5.0 450.0                            LAT/LON1/LON2/DLON/H
  143  121  112  117  131  145  155  159  160  160  159  156  152  149  148  149
  147  143  134  125  116  109  102   93   82   71   63   59   59   62   64   65
   67   68   69   68   64   59   56   55   58   64   69   73   76   79   81   82
   80   76   72   68   66   64   61   56   53   53   61   75   95  115  132  141
  144  147  155  171  187  196  190  170  143
    32.5-180.0 180.0   5.0 450.0                            LAT/LON1/LON2/DLON/H
  161  134  120  120  131  144  154  160  163  166  167  166  163  160  159  160
  160  157  149  140  130  120  108   95   80   68   60   57   59   62   66   68
   68   68   67   64   61   57   54   55   59   65   71   75   78   80   81   81
   78   73   68   65   63   60   56   52   49   52   61   79  102  127  146  157
  160  162  169  185  204  216  212  191  161
    30.0-180.0 180.0   5.0 450.0                            LAT/LON1/LON2/DLON/H
  189  161  142  138  144  154  161  166  169  172  175  174  171  168  168  171
  173  170  163  151  136  119  103   86   72   62   57   57   60   64   68   69
   69   67   64   62   59   56   55   56   60   66   71   75   77   78   78   77
   73   67   63   60   58   55   50   45   44   48   59   79  106  134  159  173
  178  179  186  202  222  237  236  218  189
    27.5-180.0 180.0   5.0 450.0                            LAT/LON1/LON2/DLON/H
  225  199  179  171  172  176  179  179  180  181  182  180  177  175  176  180
  183  181  172  155  134  110   88   71   62   59   60   63   67   70   72   72
   70   67   64   62   61   60   60   61   64   67   71   74   75   75   73   70
   66   61   57   55   53   50   44   39   38   44   57   78  106  139  167  186
  194  196  203  218  240  257  261  249  225
    25.0-180.0 180.0   5.0 450.0                            LAT/LON1/LON2/DLON/H
  265  245  227  217  213  211  207  202  197  194  191  187  182  179  182  187
  191  188  176  155  126   96   71   57   56   63   72   79   81   82   81   79
   76   72   68   67   68   69   70   69   69   70   72   72   72   70   67   64
   59   54   51   50   49   45   39   35   35   41   55   77  106  140  173  196
  208  212  220  235  256  276  285  281  265
    22.5-180.0 180.0   5.0 450.0                            LAT/LON1/LON2/DLON/H
  303  291  279  269  262  254  244  233  221  212  203  194  186  183  186  192
  196  192  178  152  118   84   60   52   61   79   96  104  104  100   95   91
   86   82   78   77   79   81   82   80   76   73   72   71   69   66   62   58
   53   49   47   46   46   42   37   33   34   42   56   77  106  141  176  203
  219  227  235  250  271  291  305  309  303
    20.0-180.0 180.0   5.0 450.0                            LAT/LON1/LON2/DLON/H
  334  332  326  318  310  300  285  267  249  233  217  202  191  187  189  196
  199  195  179  152  118   84   63   63   82  109  130  137  132  122  114  107
  102   96   91   90   93   95   95   90   83   76   72   69   66   62   58   53
   49   46   44   44   44   40   35   33   36   45   61   81  108  143  179  208
  227  238  249  264  283  303  320  330  334
    17.5-180.0 180.0   5.0 450.0                            LAT/LON1/LON2/DLON/H
  355  361  362  359  352  340  323  302  279  257  235  214  199  193  195  200
  203  198  184  161  130  101   86   93  120  150  170  172  160  146  134  126
  120  113  107  105  107  109  107  100   89   79   73   69   65   60   55   51
   47   44   43   43   42   39   35   34   39   51   68   88  114  147  182  213
  234  248  260  275  293  312  329  344  355
    15.0-180.0 180.0   5.0 450.0                            LAT/LON1/LON2/DLON/H
  366  378  384  385  381  370  353  331  307  281  255  230  211  203  204  208
  209  205  196  180  159  138  129  141  168  196  209  203  185  167  154  146
  139  131  123  119  119  119  116  106   94   82   74   69   64   59   54   50
   47   44   42   42   41   38   35   35   43   57   76   97  122  153  187  217
  239  255  269  285  301  317  333  350  366
    12.5-180.0 180.0   5.0 450.0                            LAT/LON1/LON2/DLON/H
  367  382  392  397  396  389  374  354  330  304  276  249  229  219  218  221
  221  220  217  212  203  192  188  198  219  237  239  224  202  183  171  164
  157  147  138  131  128  126  121  111   97   84   75   70   65   60   55   51
   48   45   43   41   40   38   35   36   45   62   83  105  131  161  193  222
  244  261  277  293  307  320  333  350  367
    10.0-180.0 180.0   5.0 450.0                            LAT/LON1/LON2/DLON/H
  365  380  392  399  401  397  386  370  349  326  299  271  251  240  239  240
  240  241  247  253  256  253  250  254  263  266  255  233  209  193  185  180
  172  161  148  139  134  130  124  113  100   87   78   72   67   62   57   54
   51   47   44   42   40   37   35   36   46   64   87  112  138  168  199  226
  248  266  283  299  311  322  333  348  365
     7.5-180.0 180.0   5.0 450.0                            LAT/LON1/LON2/DLON/H
  363  377  388  396  401  399  391  379  364  345  321  296  276  266  265  265
  265  269  281  297  309  310  304  297  290  277  254  228  208  198  196  192
  183  170  155  144  136  131  124  115  102   90   81   75   70   65   61   58
   55   51   47   43   41   38   35   36   46   64   89  115  142  172  202  228
  250  269  286  302  315  324  334  347  363
     5.0-180.0 180.0   5.0 450.0                            LAT/LON1/LON2/DLON/H
  364  378  388  396  401  400  394  384  374  361  342  320  303  295  294  294
  293  299  314  336  352  353  340  320  297  270  241  216  203  202  205  202
  190  174  158  146  136  130  124  115  105   94   85   78   73   69   66   64
   61   57   51   47   44   41   37   37   46   64   88  115  143  172  201  227
  249  269  287  303  316  326  336  350  364
     2.5-180.0 180.0   5.0 450.0                            LAT/LON1/LON2/DLON/H
  372  384  394  401  405  403  396  388  381  374  360  343  328  322  323  323
  322  327  342  364  377  373  351  320  286  251  220  202  199  206  212  207
  193  174  158  145  135  128  122  115  107   97   88   81   77   74   72   70
   68   64   58   53   49   45   41   40   47   63   87  113  140  168  196  222
  245  265  284  301  315  327  340  356  372
