examples/IONEXdata/CODG3130.17I
     1.0            IONOSPHERE MAPS     GNSS                IONEX VERSION / TYPE
ADDNEQ2 V5.3        AIUB                13-NOV-17 20:20     PGM / RUN BY / DATE 
CODE'S GLOBAL IONOSPHERE MAPS FOR DAY 313, 2017             COMMENT             
Global ionosphere maps (GIM) are generated on a daily basis DESCRIPTION         
at CODE using data from about 300 GNSS sites of the IGS and DESCRIPTION         
other institutions. The vertical total electron content     DESCRIPTION         
(VTEC) is modeled in a solar-geomagnetic reference frame    DESCRIPTION         
using a spherical harmonics expansion up to degree and      DESCRIPTION         
order 15. Piece-wise linear functions are used for          DESCRIPTION         
representation in the time domain. The time spacing of      DESCRIPTION         
their vertices is 1 hour, conforming with the epochs of the DESCRIPTION         
VTEC maps.                                                  DESCRIPTION         
To convert line-of-sight TEC into vertical TEC, a modified  DESCRIPTION         
single-layer model mapping function approximating the JPL   DESCRIPTION         
extended slab model mapping function is adopted. The        DESCRIPTION         
mapping function is evaluated at geodetic satellite         DESCRIPTION         
elevation angles. For the computation of the ionospheric    DESCRIPTION         
pierce points, a spherical layer with a radius of 6821 km   DESCRIPTION         
is assumed, implying geocentric, not geodetic IONEX         DESCRIPTION         
latitudes.                                                  DESCRIPTION         
Instrumental biases with respect to each involved GNSS code DESCRIPTION         
observable are estimated as constant values for each        DESCRIPTION         
day. They are modeled with one set of bias parameters for   DESCRIPTION         
each satellite and each station in case of GPS and for each DESCRIPTION         
satellite-station link in case of GLONASS. The code bias    DESCRIPTION         
datum is defined by zero-mean conditions imposed on the     DESCRIPTION         
satellite bias estimates. In this file, just GPS C1W-C2W    DESCRIPTION         
satellite and station bias values are included. The         DESCRIPTION         
complete set of GNSS code bias results is provided in an    DESCRIPTION         
additional Bias-SINEX file as pseudo-absolute values        DESCRIPTION         
specific to each observable.                                DESCRIPTION         
Note: These GIM results correspond to the results for the   DESCRIPTION         
middle day of a 3-day combination analysis solving for 73   DESCRIPTION         
times 256, or 18688 VTEC parameters and 3 daily sets of     DESCRIPTION         
GNSS code bias parameters.                                  DESCRIPTION         
Contact address: code(at)aiub.unibe.ch                      DESCRIPTION         
Data archive:    ftp.aiub.unibe.ch/CODE/                    DESCRIPTION         
                 www.aiub.unibe.ch/download/CODE/           DESCRIPTION         
  2017    11     9     0     0     0                        EPOCH OF FIRST MAP  
  2017    11    10     0     0     0                        EPOCH OF LAST MAP   
  3600                                                      INTERVAL            
[...]
gold gope gras graz guam guat guug harb hers hert hlfx hnlc COMMENT             
hnpt hob2 hofn holb hrao hyde iddr ieng iisc impz ineg invk COMMENT             
iqal iqui irkj isba joz2 joze karr kat1 kely kerg khar kir0 COMMENT             
kiri kiru kit3 kokb kokv kouc koug kour krgg lama laut lhaz COMMENT             
lmmf lpal lpgs m0se mac1 madr mag0 maju mal2 mana mas1 mat1 COMMENT             
mate maui maw1 mbar mcil mcm4 mdo1 mdvj medi mets mgue mizu COMMENT             
mkea mnls mobj mobk mobs monp morp mqzg mro1 mtka nano naur COMMENT             
nico nist nium nklg nlib nnor not1 novm nrc1 nril nrmd ntus COMMENT             
nya1 nyal ohi2 ohi3 onsa opmt ous2 pado park pbri pdel penc COMMENT             
pert pfa2 pie1 pimo pol2 polv pots pove prds ptag ptbb ptvl COMMENT             
qaq1 quin rabt ramo rbay recf reso reun reyk rgdg rio2 riop COMMENT             
roth salu samo sant savo sch2 scor scrz sctb scub seyg sfer COMMENT             
shao sofi spt0 ssia sthl stjo stk2 str2 sutm suwn sydn syog COMMENT             
tabl tabv tash tehn thtg thti thu2 thu3 tidb tixg tixi tlse COMMENT             
tn22 tnml tong tow2 tro1 tsea tskb tuva twtf txes uclu ufpr COMMENT             
ulab unb3 unbj unsa urum urus usn7 usud vaco vald vill voim COMMENT             
vtsp wab1 wab2 wark wgtn whit will wind wsrt wtza wtzr wtzs COMMENT             
wtzz xmis yakt yar2 yar3 yarr ycba yell ykro zamb zeck zim2 COMMENT             
zim3 zimj zimm                                              COMMENT             
                                                            END OF HEADER       
[from data line 2574]
     7                                                      START OF TEC MAP    
  2017    11     9     6     0     0                        EPOCH OF CURRENT MAP
    87.5-180.0 180.0   5.0 450.0                            LAT/LON1/LON2/DLON/H
   14   14   15   16   16   17   18   19   19   20   21   21   22   23   23   23
   24   24   25   25   25   25   25   26   26   26   26   26   26   26   26   26
   26   26   26   26   26   26   25   25   25   24   24   24   23   22   22   21
   20   20   19   18   18   17   16   16   15   14   14   13   13   12   12   12
   12   12   12   12   12   12   13   13   14
    85.0-180.0 180.0   5.0 450.0                            LAT/LON1/LON2/DLON/H
    7    8   10   12   13   15   17   19   20   22   23   24   25   25   26   26
   26   26   26   26   26   26   26   26   26   26   26   27   27   27   28   28
   28   29   29   29   29   29   29   29   28   28   27   27   26   25   24   23
   22   20   19   18   16   15   14   12   11    9    8    7    6    5    4    3
    2    2    2    2    3    3    4    5    7
    82.5-180.0 180.0   5.0 450.0                            LAT/LON1/LON2/DLON/H
    1    3    6    9   12   15   17   20   22   24   26   27   28   28   28   28
   27   26   26   25   24   23   23   22   22   22   22   23   24   24   25   26
   27   28   29   30   30   30   31   31   30   30   29   29   28   27   26   25
   23   22   21   19   18   16   15   13   11    9    7    5    3    1    0    0
    0    0    0    0    0    0    0    0    1
    80.0-180.0 180.0   5.0 450.0                            LAT/LON1/LON2/DLON/H
    0    0    3    7   11   15   19   23   26   28   29   30   30   30   29   27
   26   24   22   20   19   18   17   16   16   16   16   17   18   19   21   22
   24   26   27   28   29   30   30   30   30   30   29   29   28   27   27   26
   26   25   24   24   23   22   20   19   17   15   13   10    7    4    2    0
    0    0    0    0    0    0    0    0    0
    77.5-180.0 180.0   5.0 450.0                            LAT/LON1/LON2/DLON/H
    0    0    3    7   12   17   21   25   28   31   32   32   31   30   27   25
   22   20   17   15   13   12   10   10   10   10   11   12   13   15   17   19
   21   23   24   26   27   28   28   28   28   27   27   27   27   27   27   27
   28   29   30   30   31   31   30   30   28   26   24   21   18   14   11    7
    4    0    0    0    0    0    0    0    0
    75.0-180.0 180.0   5.0 450.0                            LAT/LON1/LON2/DLON/H
    0    2    5    9   14   18   23   27   30   32   32   32   30   27   24   21
   18   15   12   10    9    8    7    7    7    7    8   10   11   13   15   17
   19   21   22   23   24   24   24   24   24   24   24   24   24   26   27   29
   31   34   36   38   40   42   43   43   42   41   39   36   33   29   24   20
   16   12    8    5    2    0    0    0    0
    72.5-180.0 180.0   5.0 450.0                            LAT/LON1/LON2/DLON/H
    5    6    8   11   15   19   24   28   30   32   31   29   27   23   19   16
   13   10    9    8    7    7    7    8    9    9   10   12   13   14   16   17
   19   20   21   21   21   20   20   19   19   19   19   21   22   25   28   31
   35   39   43   47   50   53   55   56   56   55   53   51   47   43   39   35
   30   26   22   18   14   11    8    6    5
    70.0-180.0 180.0   5.0 450.0                            LAT/LON1/LON2/DLON/H
   13   11   11   12   16   19   23   27   29   29   28   26   22   18   14   11
    9    8    7    8    9   10   12   13   14   15   16   17   18   18   19   20
   20   20   20   19   18   16   15   14   14   15   16   19   22   26   30   35
   40   46   51   55   59   62   64   65   65   65   63   61   58   55   51   47
   43   39   36   32   28   24   20   16   13
    67.5-180.0 180.0   5.0 450.0                            LAT/LON1/LON2/DLON/H
   20   16   14   14   15   18   22   25   26   26   25   21   17   14   10    8
    7    7    9   11   13   15   18   19   21   22   22   23   23   23   23   23
   22   21   19   17   15   13   11   11   11   13   15   19   24   29   35   41
   47   52   57   61   65   67   68   69   70   69   68   66   64   61   58   54
   51   49   46   43   40   36   31   26   20
    65.0-180.0 180.0   5.0 450.0                            LAT/LON1/LON2/DLON/H
   27   21   16   14   14   16   19   22   23   23   21   18   14   11    9    8
    8   10   12   15   17   20   23   25   26   27   27   27   27   26   26   25
   24   22   19   16   12   10    8    8   10   13   17   22   28   35   41   48
   54   59   63   66   68   69   69   69   69   68   68   66   64   62   59   56
   54   52   51   50   49   45   40   34   27
    62.5-180.0 180.0   5.0 450.0                            LAT/LON1/LON2/DLON/H
   32   24   17   13   12   14   17   19   21   20   18   15   13   11   10   10
   12   14   16   19   21   23   25   26   27   28   28   28   27   27   26   25
   23   21   18   14   10    8    7    8   11   15   21   28   34   41   48   55
   60   65   68   69   69   68   67   66   65   65   65   64   63   60   57   54
   52   51   51   52   52   51   47   40   32
    60.0-180.0 180.0   5.0 450.0                            LAT/LON1/LON2/DLON/H
   35   26   18   13   11   12   15   17   18   18   16   14   13   12   13   15
   17   19   20   21   22   23   23   24   24   24   24   24   24   23   23   22
   21   19   15   12    9    7    7    9   14   20   27   34   41   48   55   61
   67   71   73   73   71   68   66   63   63   63   63   64   63   60   56   52
   48   47   47   50   52   53   50   44   35
    57.5-180.0 180.0   5.0 450.0                            LAT/LON1/LON2/DLON/H
   37   27   19   13   11   12   14   16   16   16   14   13   13   15   17   20
   22   23   23   22   20   19   18   18   18   18   18   18   18   18   18   18
   17   15   13   10    8    7    9   13   19   26   33   40   47   54   60   67
   72   76   78   77   75   71   67   65   64   65   67   68   67   64   59   52
   47   43   43   46   50   52   51   46   37
    55.0-180.0 180.0   5.0 450.0                            LAT/LON1/LON2/DLON/H
   40   30   22   16   13   13   14   15   15   14   13   13   14   17   21   24
   26   26   24   20   17   14   12   11   11   11   11   11   11   11   12   12
   12   12   10    9    8    9   12   18   24   32   39   45   52   58   64   71
   78   83   85   85   82   78   74   71   71   72   75   77   77   74   67   58
   50   44   41   43   48   51   52   48   40
    52.5-180.0 180.0   5.0 450.0                            LAT/LON1/LON2/DLON/H
   44   35   27   21   18   17   17   17   16   13   12   12   13   17   22   25
   27   25   22   17   13   10    7    6    6    6    6    6    6    7    7    8
    9    9    9    9   10   12   17   24   31   38   44   50   55   60   67   75
   84   91   95   96   94   91   86   83   83   84   87   90   90   87   80   69
   58   49   44   44   48   52   53   51   44
    50.0-180.0 180.0   5.0 450.0                            LAT/LON1/LON2/DLON/H
   50   42   35   29   26   24   23   21   17   14   11   10   12   16   20   24
   24   22   19   14   10    8    6    5    5    5    5    5    5    5    6    7
    8    9    9   11   13   17   23   31   39   45   50   53   57   63   71   81
   91  101  107  110  109  106  102   98   96   97   99  102  102  100   93   82
   70   59   52   50   52   55   57   55   50
    47.5-180.0 180.0   5.0 450.0                            LAT/LON1/LON2/DLON/H
   57   51   45   40   37   34   30   26   21   16   12   10   11   14   17   20
   20   18   15   12   10   10    9    9    9    9    9    9    9    8    8    8
    9   10   12   14   18   23   31   39   47   52   56   58   61   67   77   89
  101  113  121  125  125  122  117  112  109  107  107  108  109  107  102   93
   82   71   63   59   59   61   63   62   57
    45.0-180.0 180.0   5.0 450.0                            LAT/LON1/LON2/DLON/H
   65   61   56   52   48   44   39   34   28   22   17   13   12   13   14   16
   15   14   13   13   14   16   17   18   18   17   17   17   16   15   14   13
   14   15   17   20   24   31   39   48   56   61   63   65   68   75   86  100
  114  126  134  138  138  135  130  123  117  112  109  108  107  107  104   99
   92   83   75   69   68   69   70   69   65
    42.5-180.0 180.0   5.0 450.0                            LAT/LON1/LON2/DLON/H
   72   68   65   62   59   54   49   43   36   30   25   20   16   15   14   14
   13   13   14   17   21   26   28   29   28   27   27   26   25   23   21   20
   20   21   23   26   32   39   49   58   66   71   73   75   79   87   99  113
  127  138  144  147  146  143  137  130  122  114  107  102  100   99  100   99
   96   91   85   79   77   76   76   75   72
    40.0-180.0 180.0   5.0 450.0                            LAT/LON1/LON2/DLON/H
   76   73   71   70   67   63   57   51   46   41   36   30   25   21   19   17
   16   16   19   24   31   37   40   40   38   36   35   35   33   32   30   28
   28   28   30   33   39   48   58   68   77   83   86   89   94  103  115  128
  140  148  151  151  149  146  140  133  125  115  106   98   92   90   92   94
   96   95   92   87   84   82   81   79   76
    37.5-180.0 180.0   5.0 450.0                            LAT/LON1/LON2/DLON/H
   77   74   73   73   71   67   62   58   55   53   49   44   37   32   28   25
   24   24   27   34   43   49   51   49   46   43   42   42   41   39   37   35
   35   35   37   40   46   55   67   78   88   95  100  104  111  120  132  143
  151  154  153  151  148  145  142  138  131  123  113  103   93   88   87   90
   94   97   96   92   89   85   83   80   77
    35.0-180.0 180.0   5.0 450.0                            LAT/LON1/LON2/DLON/H
   75   72   71   72   71   68   64   62   62   63   62   58   51   46   41   38
   36   36   39   46   54   59   60   56   51   48   46   46   45   44   42   40
   40   40   42   45   52   62   74   87   98  107  114  120  128  138  148  156
  159  157  153  148  146  146  147  148  147  144  137  126  112  100   93   92
   95   98   98   96   92   87   83   79   75
    32.5-180.0 180.0   5.0 450.0                            LAT/LON1/LON2/DLON/H
   71   68   67   68   68   65   62   62   65   70   72   69   64   59   55   53
   50   49   51   57   63   67   65   60   54   50   49   49   48   46   44   43
   43   43   45   48   56   66   80   94  107  118  126  135  144  153  161  166
  164  159  152  148  148  152  160  168  176  181  180  171  154  133  116  106
  103  103  102   99   95   90   84   78   71
    30.0-180.0 180.0   5.0 450.0                            LAT/LON1/LON2/DLON/H
   70   64   63   64   63   61   58   59   64   72   76   76   73   69   67   66
   63   61   61   64   69   70   67   61   56   53   52   52   50   48   45   43
   43   43   45   49   57   69   84   99  114  126  136  146  156  165  171  172
  168  160  154  152  157  168  182  200  218  234  242  237  217  188  158  135
  121  115  110  106  101   95   88   79   70
    27.5-180.0 180.0   5.0 450.0                            LAT/LON1/LON2/DLON/H
   73   65   62   62   61   58   54   54   61   70   76   77   75   74   75   75
   72   68   66   68   70   71   67   62   58   57   57   55   52   48   44   42
   41   41   43   47   56   70   86  102  118  131  143  154  164  172  177  176
  171  164  161  165  176  193  215  240  268  295  313  314  293  256  213  176
  150  134  125  118  112  105   96   85   73
    25.0-180.0 180.0   5.0 450.0                            LAT/LON1/LON2/DLON/H
   83   72   67   66   64   58   52   51   56   65   71   73   72   73   76   77
   75   70   67   66   68   68   66   63   62   63   63   60   55   48   43   40
   38   37   39   44   54   69   86  104  119  134  146  158  169  177  181  180
  176  173  176  186  204  226  253  284  319  354  381  389  370  328  274  224
  185  160  146  136  129  122  112   98   83
    22.5-180.0 180.0   5.0 450.0                            LAT/LON1/LON2/DLON/H
  101   88   81   78   74   66   56   51   54   61   66   67   66   68   72   75
   73   67   62   61   62   64   65   65   68   70   70   65   57   49   42   38
   35   33   34   40   52   68   86  104  120  134  148  160  171  180  185  186
  186  188  197  214  237  264  292  323  360  399  432  446  430  388  329  270
  223  191  172  160  153  145  134  119  101
    20.0-180.0 180.0   5.0 450.0                            LAT/LON1/LON2/DLON/H
  127  111  102   98   92   81   68   59   58   62   64   62   60   61   66   69
   67   61   56   54   57   60   64   68   73   77   76   70   60   50   42   37
   32   29   29   36   49   67   86  103  119  134  148  162  174  184  191  195
  199  207  222  244  271  298  324  351  384  421  455  473  463  425  368  308
  257  222  201  189  181  174  163  146  127
    17.5-180.0 180.0   5.0 450.0                            LAT/LON1/LON2/DLON/H
  156  139  130  124  117  103   86   74   69   69   68   63   58   58   62   64
   62   55   50   50   53   58   64   72   79   83   81   73   61   51   43   37
   31   27   27   33   48   66   85  103  119  134  149  164  178  190  200  207
  215  228  247  272  300  324  344  363  386  416  446  466  463  434  386  332
  284  251  230  218  212  205  194  176  156
    15.0-180.0 180.0   5.0 450.0                            LAT/LON1/LON2/DLON/H
  187  170  160  154  145  129  110   95   87   84   79   70   63   60   62   63
   60   54   50   50   54   60   67   76   84   87   84   74   62   52   45   39
   32   26   26   33   47   66   85  102  118  134  151  168  184  199  211  222
  233  248  268  293  318  338  351  360  371  388  410  428  433  417  383  341
  303  275  257  247  241  235  224  207  187
    12.5-180.0 180.0   5.0 450.0                            LAT/LON1/LON2/DLON/H
  216  199  189  182  173  156  136  120  110  103   95   84   74   69   69   69
   65   59   56   56   60   66   73   81   88   90   84   73   62   54   48   42
   35   28   27   34   48   66   84  101  118  136  154  174  192  209  224  236
  248  263  282  305  326  340  346  345  343  347  359  374  385  383  366  341
  315  294  281  273  267  261  251  235  216
    10.0-180.0 180.0   5.0 450.0                            LAT/LON1/LON2/DLON/H
  239  224  213  206  196  180  160  143  132  124  114  101   89   83   81   80
   76   71   68   69   72   76   81   87   91   91   84   73   63   56   52   47
   39   32   30   36   50   66   83  100  118  138  159  181  201  220  235  248
  260  272  288  306  322  332  333  326  315  307  309  321  336  346  346  336
  323  310  300  294  288  281  271  256  239
     7.5-180.0 180.0   5.0 450.0                            LAT/LON1/LON2/DLON/H
  255  241  231  223  212  196  177  162  151  142  130  116  104   98   96   95
   91   87   85   86   89   90   92   94   95   93   85   74   65   60   57   51
   43   36   34   40   52   67   82   99  118  140  164  187  209  229  244  256
  265  274  286  299  311  319  319  311  296  282  276  284  301  320  332  335
  331  324  316  310  303  295  284  271  255
     5.0-180.0 180.0   5.0 450.0                            LAT/LON1/LON2/DLON/H
  265  252  241  231  219  204  186  172  162  153  141  127  116  110  109  108
  105  102  102  104  105  105  103  102  101   97   88   78   70   66   62   56
   47   40   39   44   54   67   81   97  118  142  168  193  215  234  248  258
  264  270  278  287  298  306  309  304  292  278  270  275  293  315  333  341
  341  336  329  321  311  302  291  279  265
     2.5-180.0 180.0   5.0 450.0                            LAT/LON1/LON2/DLON/H
  270  257  244  232  218  203  187  174  164  155  143  130  120  116  116  116
  115  113  115  118  119  118  114  111  109  104   96   87   79   73   67   59
   50   43   42   47   56   66   79   96  117  143  170  195  217  235  247  255
  259  262  267  275  285  296  305  309  306  298  292  297  312  332  349  356
  354  347  337  327  315  304  293  282  270
