examples/IONEXdata/CODG3140.17I
     1.0            IONOSPHERE MAPS     GNSS                IONEX VERSION / TYPE
ADDNEQ2 V5.3        AIUB                14-NOV-17 20:17     PGM / RUN BY / DATE 
CODE'S GLOBAL IONOSPHERE MAPS FOR DAY 314, 2017             COMMENT             
Global ionosphere maps (GIM) are generated on a daily basis DESCRIPTION         
at CODE using data from about 300 GNSS sites of the IGS and DESCRIPTION         
other institutions. The vertical total electron content     DESCRIPTION         
(VTEC) is modeled in a solar-geomagnetic reference frame    DESCRIPTION         
using a spherical harmonics expansion up to degree and      DESCRIPTION         
order 15. Piece-wise linear functions are used for          DESCRIPTION         
representation in the time domain. The time spacing of      DESCRIPTION         
their vertices is 1 hour, conforming with the epochs of the DESCRIPTION         
VTEC maps.                                                  DESCRIPTION         
To convert line-of-sight TEC into vertical TEC, a modified  DESCRIPTION         
single-layer model mapping function approximating the JPL   DESCRIPTION         
extended slab model mapping function is adopted. The        DESCRIPTION         
mapping function is evaluated at geodetic satellite         DESCRIPTION         
elevation angles. For the computation of the ionospheric    DESCRIPTION         
pierce points, a spherical layer with a radius of 6821 km   DESCRIPTION         
is assumed, implying geocentric, not geodetic IONEX         DESCRIPTION         
latitudes.                                                  DESCRIPTION         
Instrumental biases with respect to each involved GNSS code DESCRIPTION         
observable are estimated as constant values for each        DESCRIPTION         
day. They are modeled with one set of bias parameters for   DESCRIPTION         
each satellite and each station in case of GPS and for each DESCRIPTION         
satellite-station link in case of GLONASS. The code bias    DESCRIPTION         
datum is defined by zero-mean conditions imposed on the     DESCRIPTION         
satellite bias estimates. In this file, just GPS C1W-C2W    DESCRIPTION         
satellite and station bias values are included. The         DESCRIPTION         
complete set of GNSS code bias results is provided in an    DESCRIPTION         
additional Bias-SINEX file as pseudo-absolute values        DESCRIPTION         
specific to each observable.                                DESCRIPTION         
Note: These GIM results correspond to the results for the   DESCRIPTION         
middle day of a 3-day combination analysis solving for 73   DESCRIPTION         
times 256, or 18688 VTEC parameters and 3 daily sets of     DESCRIPTION         
GNSS code bias parameters.                                  DESCRIPTION         
Contact address: code(at)aiub.unibe.ch                      DESCRIPTION         
Data archive:    ftp.aiub.unibe.ch/CODE/                    DESCRIPTION         
                 www.aiub.unibe.ch/download/CODE/           DESCRIPTION         
  2017    11    10     0     0     0                        EPOCH OF FIRST MAP  
  2017    11    11     0     0     0                        EPOCH OF LAST MAP   
  3600                                                      INTERVAL            
[...]
gras graz guam guat guug harb hers hert hlfx hnlc hnpt hob2 COMMENT             
hofn holb hrao hyde iddr ieng iisc impz ineg invk iqal iqui COMMENT             
irkj isba joz2 joze karr kat1 kely kerg khar kir0 kiri kiru COMMENT             
kit3 kokb kokv kouc koug kour krgg lama laut lhaz lmmf lpal COMMENT             
lpgs m0se mac1 madr mag0 maju mal2 mana mas1 mat1 mate maui COMMENT             
maw1 mbar mcil mcm4 mdo1 mdvj medi mets mgue mizu mkea mnls COMMENT             
mobj mobk mobs monp morp mqzg mro1 mtka nain nano naur nico COMMENT             
nist nium nklg nlib nnor not1 novm nrc1 nril nrmd ntus nya1 COMMENT             
nyal ohi2 ohi3 onsa opmt ous2 pado parc park pbri pdel penc COMMENT             
pert pfa2 pie1 pimo pohn pol2 polv pots pove prds ptag ptbb COMMENT             
ptvl qaq1 quin rabt ramo rbay recf reso reun reyk rgdg rio2 COMMENT             
riop roth salu samo sant savo sch2 scor scrz sctb scub seyg COMMENT             
sfer shao sofi spt0 ssia sthl stjo stk2 str2 sutm suwn sydn COMMENT             
syog tabv tash tehn thtg thti thu2 thu3 tid1 tidb tixg tixi COMMENT             
tlse tn22 tnml tong tow2 tro1 tsea tskb twtf txes uclu ufpr COMMENT             
ulab unb3 unbj unsa urum urus usn7 usud vaco vald vill voim COMMENT             
vtsp wab1 wab2 wark wgtn whit will wind wsrt wtza wtzr wtzs COMMENT             
wtzz xmis yakt yar2 yar3 yarr ycba yell ykro yssk zamb zeck COMMENT             
zim2 zim3 zimj zimm                                         COMMENT             
                                                            END OF HEADER       
[from data line 3003]
     8                                                      START OF TEC MAP    
  2017    11    10     7     0     0                        EPOCH OF CURRENT MAP
    87.5-180.0 180.0   5.0 450.0                            LAT/LON1/LON2/DLON/H
   39   39   39   40   40   40   40   40   40   40   40   40   40   39   39   39
   39   39   38   38   38   38   38   38   37   37   37   37   37   37   37   37
   37   37   38   38   38   38   38   38   38   38   38   38   38   38   38   38
   38   38   38   38   38   38   38   38   38   38   38   38   38   38   38   38
   38   38   38   38   38   39   39   39   39
    85.0-180.0 180.0   5.0 450.0                            LAT/LON1/LON2/DLON/H
   38   38   39   39   40   40   40   40   40   40   40   39   39   38   38   37
   36   36   35   34   34   33   33   33   32   32   32   32   32   33   33   33
   34   34   35   35   35   36   36   37   37   37   37   37   38   38   38   38
   37   37   37   37   36   36   36   35   35   35   34   34   34   34   34   34
   34   34   35   35   36   36   37   37   38
    82.5-180.0 180.0   5.0 450.0                            LAT/LON1/LON2/DLON/H
   35   36   37   38   39   40   40   40   40   40   39   38   37   36   35   34
   32   31   30   28   27   27   26   25   25   25   25   25   26   26   27   28
   29   30   31   32   33   33   34   35   35   36   36   37   37   37   37   37
   37   37   37   36   36   35   35   34   33   32   32   31   30   30   30   30
   30   30   31   31   32   33   33   34   35
    80.0-180.0 180.0   5.0 450.0                            LAT/LON1/LON2/DLON/H
   33   34   35   37   38   39   39   39   39   39   38   36   35   33   31   29
   27   25   23   21   20   19   18   18   17   18   18   18   19   20   22   23
   24   26   27   28   30   31   32   33   34   34   35   36   37   37   38   38
   39   39   39   38   38   37   36   35   33   32   31   30   29   28   27   27
   27   27   27   28   28   29   30   31   33
    77.5-180.0 180.0   5.0 450.0                            LAT/LON1/LON2/DLON/H
   30   31   33   34   36   37   38   39   38   37   36   34   32   29   26   24
   21   19   17   15   14   13   12   12   12   12   13   14   15   16   18   19
   21   23   24   26   27   28   30   31   32   33   34   35   36   38   39   40
   42   42   43   43   43   42   40   39   37   35   33   31   30   29   28   27
   27   27   27   27   27   27   28   29   30
    75.0-180.0 180.0   5.0 450.0                            LAT/LON1/LON2/DLON/H
   27   29   30   32   34   36   38   38   38   36   34   32   29   25   22   20
   17   15   13   11   10   10    9    9    9   10   11   12   13   15   16   18
   20   21   23   24   25   26   27   28   29   31   32   34   36   38   41   44
   46   48   49   50   50   49   48   45   43   40   38   35   34   32   31   31
   30   30   29   28   28   27   27   27   27
    72.5-180.0 180.0   5.0 450.0                            LAT/LON1/LON2/DLON/H
   26   26   28   30   33   36   37   38   38   36   33   30   26   23   20   17
   15   13   11   10   10   10   10   10   11   12   13   14   15   16   17   19
   20   21   22   23   24   24   25   26   27   28   30   33   36   40   43   47
   51   54   57   58   59   58   56   54   50   47   44   41   39   38   37   36
   36   35   34   33   31   29   27   26   26
    70.0-180.0 180.0   5.0 450.0                            LAT/LON1/LON2/DLON/H
   24   24   26   29   32   36   38   39   38   36   33   29   25   22   19   16
   15   13   13   12   13   13   13   14   15   16   17   18   19   20   20   21
   21   21   22   22   22   22   23   23   25   26   29   32   37   41   46   52
   57   61   65   67   67   67   65   62   58   54   50   47   45   43   43   43
   43   42   41   38   35   31   28   25   24
    67.5-180.0 180.0   5.0 450.0                            LAT/LON1/LON2/DLON/H
   22   21   23   27   31   36   39   40   39   37   33   29   25   22   19   18
   17   16   16   16   17   17   18   20   21   23   24   24   25   24   24   23
   23   22   22   21   21   20   21   21   23   25   29   33   38   44   50   56
   62   67   71   73   74   73   71   68   64   59   55   52   49   48   48   48
   49   48   47   43   39   34   28   24   22
    65.0-180.0 180.0   5.0 450.0                            LAT/LON1/LON2/DLON/H
   19   18   20   25   30   35   39   41   40   37   33   29   25   23   21   21
   21   21   21   21   21   22   23   24   26   28   29   30   30   29   27   26
   24   22   21   20   19   19   19   20   23   26   30   35   41   48   54   61
   66   71   75   77   78   77   75   71   67   63   59   55   53   51   51   51
   52   52   50   47   41   35   28   23   19
    62.5-180.0 180.0   5.0 450.0                            LAT/LON1/LON2/DLON/H
   16   15   17   22   28   34   38   40   39   36   32   28   25   24   24   25
   25   25   25   24   24   24   25   27   29   31   33   33   33   31   29   26
   24   21   20   18   18   18   19   21   24   28   33   39   46   53   59   65
   70   74   77   79   79   78   76   73   69   66   62   58   55   53   52   52
   52   52   50   47   41   35   27   21   16
    60.0-180.0 180.0   5.0 450.0                            LAT/LON1/LON2/DLON/H
   15   13   15   19   25   31   35   37   35   32   29   26   25   25   26   28
   29   29   28   26   25   24   24   26   29   32   34   34   33   31   29   25
   22   20   18   17   17   18   20   23   27   32   38   45   52   58   64   70
   74   77   79   79   79   77   76   73   71   68   65   62   59   56   53   51
   50   49   47   44   39   33   26   19   15
    57.5-180.0 180.0   5.0 450.0                            LAT/LON1/LON2/DLON/H
   14   12   13   17   22   27   31   32   30   27   24   23   23   25   28   30
   31   31   29   25   23   21   21   23   26   29   31   32   32   29   26   23
   20   18   17   17   18   20   23   26   31   38   44   51   58   65   70   75
   78   80   81   80   79   77   76   75   74   73   71   68   64   59   54   50
   47   45   43   40   37   31   25   19   14
    55.0-180.0 180.0   5.0 450.0                            LAT/LON1/LON2/DLON/H
   17   14   14   16   19   23   25   25   23   21   19   19   20   23   27   30
   31   30   27   23   19   17   17   19   22   25   27   28   28   26   23   20
   18   17   17   19   21   24   28   32   38   44   51   58   65   71   76   81
   84   86   86   84   82   79   78   77   78   78   78   75   71   64   57   51
   45   41   39   37   34   31   27   22   17
    52.5-180.0 180.0   5.0 450.0                            LAT/LON1/LON2/DLON/H
   23   19   17   16   18   19   20   20   18   16   14   15   18   21   25   28
   29   28   24   20   16   13   13   14   17   20   23   24   23   21   19   17
   15   16   18   22   26   30   35   40   45   52   58   65   71   77   83   88
   91   93   93   91   88   85   83   82   84   85   86   84   79   71   63   54
   46   41   37   35   34   33   31   27   23
    50.0-180.0 180.0   5.0 450.0                            LAT/LON1/LON2/DLON/H
   32   27   23   20   19   18   18   17   15   13   13   14   16   20   23   25
   26   24   21   17   13   11   10   12   14   17   19   20   19   18   16   14
   14   16   20   26   32   38   43   48   54   59   65   71   77   83   89   96
  101  104  105  102   98   93   90   89   90   92   93   91   86   79   69   59
   50   43   39   37   37   38   37   35   32
    47.5-180.0 180.0   5.0 450.0                            LAT/LON1/LON2/DLON/H
   42   36   31   26   23   21   20   18   16   15   15   16   18   19   21   22
   22   21   19   16   13   11   11   12   13   15   17   17   17   16   15   14
   15   18   24   32   40   47   53   58   63   67   72   77   83   89   96  104
  112  117  118  116  110  104   99   96   96   96   97   95   91   84   75   66
   57   50   44   42   42   44   45   45   42
    45.0-180.0 180.0   5.0 450.0                            LAT/LON1/LON2/DLON/H
   51   46   40   34   30   27   26   24   23   22   22   22   22   22   21   21
   21   20   19   18   16   14   14   15   15   16   17   17   17   17   16   16
   17   22   29   38   47   56   62   68   72   76   80   84   89   95  104  113
  122  129  132  130  123  115  107  102   99   98   97   95   91   86   80   73
   65   58   52   49   48   50   52   53   51
    42.5-180.0 180.0   5.0 450.0                            LAT/LON1/LON2/DLON/H
   57   53   47   42   38   36   35   35   34   34   33   32   31   28   25   23
   23   23   23   23   22   21   20   20   20   20   20   20   21   20   20   19
   21   26   34   44   55   64   72   77   81   84   87   91   96  102  111  122
  132  140  144  141  134  125  115  107  102   98   94   91   88   85   82   78
   73   67   60   56   54   54   56   58   57
    40.0-180.0 180.0   5.0 450.0                            LAT/LON1/LON2/DLON/H
   59   57   52   48   46   45   46   47   47   47   46   45   41   37   32   29
   28   29   30   31   30   28   28   27   26   26   26   26   26   26   25   25
   26   30   39   50   61   71   79   85   89   93   96  100  104  110  119  129
  139  148  151  149  142  132  122  113  105   99   93   88   84   82   82   81
   79   74   68   62   57   56   57   59   59
    37.5-180.0 180.0   5.0 450.0                            LAT/LON1/LON2/DLON/H
   57   57   54   52   51   53   56   57   58   59   59   57   53   47   42   38
   38   39   41   41   39   37   36   35   34   34   33   33   33   33   32   30
   31   35   43   55   67   77   86   92   97  101  105  109  114  119  126  135
  144  152  155  153  147  138  129  121  113  105   97   90   85   83   83   84
   83   80   74   66   58   54   54   56   57
    35.0-180.0 180.0   5.0 450.0                            LAT/LON1/LON2/DLON/H
   52   53   52   52   53   57   61   64   66   67   67   66   63   58   52   49
   49   51   52   51   49   46   44   43   43   42   42   41   41   40   38   35
   35   39   47   58   71   81   90   97  104  110  115  120  124  129  134  141
  147  153  155  154  150  144  139  133  128  120  111  102   95   90   89   89
   88   85   79   69   59   51   48   50   52
    32.5-180.0 180.0   5.0 450.0                            LAT/LON1/LON2/DLON/H
   46   48   49   49   52   57   62   65   67   69   70   71   69   65   61   60
   61   62   63   61   57   54   52   51   51   51   50   49   47   45   41   38
   37   41   50   62   74   84   94  102  110  117  124  131  135  139  143  146
  150  153  155  156  155  154  153  153  152  148  139  129  118  109  103   99
   95   92   84   74   61   50   44   44   46
    30.0-180.0 180.0   5.0 450.0                            LAT/LON1/LON2/DLON/H
   44   46   46   46   49   53   58   61   63   65   68   70   70   69   67   67
   69   71   71   68   64   60   58   58   59   58   57   54   51   47   42   38
   38   42   52   64   76   87   96  105  115  124  133  141  147  150  152  153
  154  156  158  161  164  168  174  181  186  187  181  171  157  142  128  116
  108  101   93   82   67   53   44   42   44
    27.5-180.0 180.0   5.0 450.0                            LAT/LON1/LON2/DLON/H
   47   48   47   45   46   48   52   54   55   57   61   64   67   68   68   70
   73   75   75   72   67   64   63   64   65   64   61   56   51   45   39   35
   35   42   53   67   79   90  100  109  119  131  142  151  158  162  163  162
  162  163  167  172  179  188  200  214  226  234  233  224  207  186  163  142
  127  116  107   96   80   64   52   47   47
    25.0-180.0 180.0   5.0 450.0                            LAT/LON1/LON2/DLON/H
   59   58   54   49   46   45   47   48   48   49   53   57   60   63   65   68
   72   74   74   72   68   66   66   68   69   67   62   55   48   40   33   29
   31   40   54   69   83   94  104  113  125  137  150  161  170  174  176  175
  175  177  182  190  201  214  230  249  268  282  288  282  264  238  207  176
  153  138  128  116  101   83   68   61   59
    22.5-180.0 180.0   5.0 450.0                            LAT/LON1/LON2/DLON/H
   79   74   67   58   51   48   46   46   45   45   47   51   54   57   59   62
   66   69   70   69   67   67   68   70   70   66   59   51   41   32   25   22
   26   38   55   72   88   99  109  119  131  145  159  172  182  188  190  191
  193  197  205  215  227  241  259  281  305  325  336  335  319  290  253  215
  184  165  154  144  129  110   93   83   79
    20.0-180.0 180.0   5.0 450.0                            LAT/LON1/LON2/DLON/H
  104   97   86   74   63   56   53   51   49   48   48   49   50   52   53   56
   59   62   63   64   64   65   67   68   67   62   54   44   34   24   17   15
   22   36   56   76   93  105  115  125  138  153  168  183  194  202  207  210
  214  221  231  243  255  268  284  305  331  355  372  375  363  335  296  254
  218  196  184  175  161  142  124  112  104
    17.5-180.0 180.0   5.0 450.0                            LAT/LON1/LON2/DLON/H
  132  123  109   94   80   71   67   64   62   59   56   54   52   51   51   52
   54   56   57   59   60   62   64   65   62   55   46   36   26   18   11   11
   19   37   59   81   99  111  122  133  146  162  178  194  208  217  224  230
  236  246  258  270  280  289  301  319  343  369  389  397  390  367  330  288
  251  227  215  207  193  175  156  142  132
    15.0-180.0 180.0   5.0 450.0                            LAT/LON1/LON2/DLON/H
  159  147  132  115  100   91   86   84   81   77   72   67   61   57   54   53
   53   54   54   56   57   59   60   59   54   47   38   29   22   14   10   11
   20   39   63   86  104  117  128  139  154  170  189  206  221  232  241  248
  257  269  281  292  300  304  310  322  343  367  388  400  398  382  352  315
  280  256  243  234  222  204  185  170  159
    12.5-180.0 180.0   5.0 450.0                            LAT/LON1/LON2/DLON/H
  180  167  152  135  120  111  108  107  105  100   93   84   76   69   64   62
   60   58   56   56   56   56   56   52   47   39   32   26   21   16   12   14
   25   45   69   91  109  122  133  145  160  178  198  217  233  246  255  264
  274  286  298  307  311  311  311  318  333  354  374  387  391  382  361  332
  301  278  264  255  243  226  207  192  180
    10.0-180.0 180.0   5.0 450.0                            LAT/LON1/LON2/DLON/H
  194  181  166  150  137  129  127  128  127  123  115  104   94   85   80   76
   72   68   63   60   57   55   52   47   40   34   29   26   24   22   19   22
   33   52   75   96  113  125  135  148  163  183  205  226  243  256  265  274
  284  295  306  313  314  311  308  311  321  337  354  366  373  371  360  339
  315  293  278  268  256  240  222  206  194
     7.5-180.0 180.0   5.0 450.0                            LAT/LON1/LON2/DLON/H
  200  187  173  158  147  142  142  144  145  141  134  123  112  104   99   95
   90   83   75   67   60   55   50   44   37   32   30   31   32   31   29   31
   42   60   81  100  114  125  135  147  164  185  208  230  248  261  271  279
  288  298  306  312  312  308  304  305  313  325  337  346  353  356  352  340
  321  300  284  272  259  244  228  213  200
     5.0-180.0 180.0   5.0 450.0                            LAT/LON1/LON2/DLON/H
  200  187  173  161  152  149  150  153  155  153  146  137  127  121  117  115
  110  100   88   76   65   57   51   44   39   35   36   39   41   41   39   41
   51   67   86  102  114  123  132  144  161  182  207  230  249  262  271  279
  286  294  301  305  307  305  304  306  313  322  329  333  337  340  341  335
  320  301  283  269  256  242  228  213  200
     2.5-180.0 180.0   5.0 450.0                            LAT/LON1/LON2/DLON/H
  197  184  170  159  152  149  151  154  157  156  151  144  137  133  132  132
  127  116  101   85   71   62   55   49   45   43   44   48   51   50   48   49
   58   73   90  103  112  119  128  140  156  177  201  224  244  257  266  273
  280  286  292  297  301  304  307  313  322  329  332  331  329  329  331  327
  315  297  278  262  249  237  224  211  197
