examples/IONEXdata/CODG3140.17I
     1.0            IONOSPHERE MAPS     GNSS                IONEX VERSION / TYPE
ADDNEQ2 V5.3        AIUB                14-NOV-17 20:17     PGM / RUN BY / DATE 
CODE'S GLOBAL IONOSPHERE MAPS FOR DAY 314, 2017             COMMENT             
Global ionosphere maps (GIM) are generated on a daily basis DESCRIPTION         
at CODE using data from about 300 GNSS sites of the IGS and DESCRIPTION         
other institutions. The vertical total electron content     DESCRIPTION         
(VTEC) is modeled in a solar-geomagnetic reference frame    DESCRIPTION         
using a spherical harmonics expansion up to degree and      DESCRIPTION         
order 15. Piece-wise linear functions are used for          DESCRIPTION         
representation in the time domain. The time spacing of      DESCRIPTION         
their vertices is 1 hour, conforming with the epochs of the DESCRIPTION         
VTEC maps.                                                  DESCRIPTION         
To convert line-of-sight TEC into vertical TEC, a modified  DESCRIPTION         
single-layer model mapping function approximating the JPL   DESCRIPTION         
extended slab model mapping function is adopted. The        DESCRIPTION         
mapping function is evaluated at geodetic satellite         DESCRIPTION         
elevation angles. For the computation of the ionospheric    DESCRIPTION         
pierce points, a spherical layer with a radius of 6821 km   DESCRIPTION         
is assumed, implying geocentric, not geodetic IONEX         DESCRIPTION         
latitudes.                                                  DESCRIPTION         
Instrumental biases with respect to each involved GNSS code DESCRIPTION         
observable are estimated as constant values for each        DESCRIPTION         
day. They are modeled with one set of bias parameters for   DESCRIPTION         
each satellite and each station in case of GPS and for each DESCRIPTION         
satellite-station link in case of GLONASS. The code bias    DESCRIPTION         
datum is defined by zero-mean conditions imposed on the     DESCRIPTION         
satellite bias estimates. In this file, just GPS C1W-C2W    DESCRIPTION         
satellite and station bias values are included. The         DESCRIPTION         
complete set of GNSS code bias results is provided in an    DESCRIPTION         
additional Bias-SINEX file as pseudo-absolute values        DESCRIPTION         
specific to each observable.                                DESCRIPTION         
Note: These GIM results correspond to the results for the   DESCRIPTION         
middle day of a 3-day combination analysis solving for 73   DESCRIPTION         
times 256, or 18688 VTEC parameters and 3 daily sets of     DESCRIPTION         
GNSS code bias parameters.                                  DESCRIPTION         
Contact address: code(at)aiub.unibe.ch                      DESCRIPTION         
Data archive:    ftp.aiub.unibe.ch/CODE/                    DESCRIPTION         
                 www.aiub.unibe.ch/download/CODE/           DESCRIPTION         
  2017    11    10     0     0     0                        EPOCH OF FIRST MAP  
  2017    11    11     0     0     0                        EPOCH OF LAST MAP   
  3600                                                      INTERVAL            
[...]
gras graz guam guat guug harb hers hert hlfx hnlc hnpt hob2 COMMENT             
hofn holb hrao hyde iddr ieng iisc impz ineg invk iqal iqui COMMENT             
irkj isba joz2 joze karr kat1 kely kerg khar kir0 kiri kiru COMMENT             
kit3 kokb kokv kouc koug kour krgg lama laut lhaz lmmf lpal COMMENT             
lpgs m0se mac1 madr mag0 maju mal2 mana mas1 mat1 mate maui COMMENT             
maw1 mbar mcil mcm4 mdo1 mdvj medi mets mgue mizu mkea mnls COMMENT             
mobj mobk mobs monp morp mqzg mro1 mtka nain nano naur nico COMMENT             
nist nium nklg nlib nnor not1 novm nrc1 nril nrmd ntus nya1 COMMENT             
nyal ohi2 ohi3 onsa opmt ous2 pado parc park pbri pdel penc COMMENT             
pert pfa2 pie1 pimo pohn pol2 polv pots pove prds ptag ptbb COMMENT             
ptvl qaq1 quin rabt ramo rbay recf reso reun reyk rgdg rio2 COMMENT             
riop roth salu samo sant savo sch2 scor scrz sctb scub seyg COMMENT             
sfer shao sofi spt0 ssia sthl stjo stk2 str2 sutm suwn sydn COMMENT             
syog tabv tash tehn thtg thti thu2 thu3 tid1 tidb tixg tixi COMMENT             
tlse tn22 tnml tong tow2 tro1 tsea tskb twtf txes uclu ufpr COMMENT             
ulab unb3 unbj unsa urum urus usn7 usud vaco vald vill voim COMMENT             
vtsp wab1 wab2 wark wgtn whit will wind wsrt wtza wtzr wtzs COMMENT             
wtzz xmis yakt yar2 yar3 yarr ycba yell ykro yssk zamb zeck COMMENT             
zim2 zim3 zimj zimm                                         COMMENT             
                                                            END OF HEADER       
[from data line 858]
     3                                                      START OF TEC MAP    
  2017    11    10     2     0     0                        EPOCH OF CURRENT MAP
    87.5-180.0 180.0   5.0 450.0                            LAT/LON1/LON2/DLON/H
   30   30   30   30   30   30   30   29   29   29   29   29   28   28   28   28
   27   27   27   26   26   26   25   25   25   24   24   24   24   24   24   24
   24   24   24   24   24   25   25   25   25   26   26   26   27   27   27   28
   28   28   29   29   29   29   30   30   30   30   30   30   31   31   31   31
   31   31   31   31   31   31   31   30   30
    85.0-180.0 180.0   5.0 450.0                            LAT/LON1/LON2/DLON/H
   31   31   30   30   30   30   30   30   30   30   30   29   29   29   29   28
   28   27   26   25   25   24   23   22   21   21   20   20   19   19   19   19
   20   20   20   21   21   22   22   23   24   24   25   25   26   26   27   27
   28   28   29   29   29   30   30   31   31   31   32   32   32   32   32   33
   33   33   32   32   32   32   32   31   31
    82.5-180.0 180.0   5.0 450.0                            LAT/LON1/LON2/DLON/H
   30   30   29   29   28   28   29   29   29   30   30   31   31   31   31   30
   29   28   27   26   24   22   21   19   18   17   16   15   15   15   15   15
   16   17   18   19   20   21   22   23   23   24   25   25   26   26   27   27
   27   27   28   28   28   29   29   30   30   31   31   32   32   33   33   33
   33   33   33   33   33   32   32   31   30
    80.0-180.0 180.0   5.0 450.0                            LAT/LON1/LON2/DLON/H
   29   28   27   26   26   26   26   27   28   29   31   32   33   34   34   33
   32   30   28   26   23   21   18   16   14   13   12   11   11   12   12   13
   14   16   17   19   20   22   23   24   25   26   26   27   27   27   26   26
   26   26   26   25   26   26   26   27   27   28   29   30   30   31   32   33
   33   34   34   34   33   33   32   30   29
    77.5-180.0 180.0   5.0 450.0                            LAT/LON1/LON2/DLON/H
   30   28   25   24   23   22   23   24   26   28   31   33   35   36   37   36
   35   32   29   26   22   19   16   13   11   10    9    9   10   11   12   14
   16   18   20   21   23   25   26   27   28   29   29   28   28   27   26   25
   24   23   22   22   22   22   22   23   23   24   25   26   28   29   31   32
   33   34   35   36   35   35   33   32   30
    75.0-180.0 180.0   5.0 450.0                            LAT/LON1/LON2/DLON/H
   33   30   27   24   21   20   20   22   24   27   31   34   36   38   38   37
   35   32   29   24   20   16   13   11    9    8    8    9   11   13   15   17
   19   21   23   25   27   28   29   30   31   31   31   30   29   27   26   24
   22   20   19   18   18   18   18   19   20   21   22   23   25   27   29   31
   33   36   37   39   40   39   38   36   33
    72.5-180.0 180.0   5.0 450.0                            LAT/LON1/LON2/DLON/H
   41   36   31   26   22   20   19   20   22   26   30   33   36   38   38   37
   34   30   26   21   17   13   10    9    8    9   10   12   15   17   20   22
   24   26   27   29   30   30   31   32   32   32   31   30   29   27   24   22
   20   18   16   15   15   15   16   17   18   19   20   22   24   26   28   31
   35   38   41   44   46   47   46   44   41
    70.0-180.0 180.0   5.0 450.0                            LAT/LON1/LON2/DLON/H
   51   46   39   32   26   22   19   19   22   25   29   32   35   36   35   34
   30   26   22   18   14   11    9    8    9   11   14   17   21   24   26   28
   29   30   30   30   30   30   30   30   30   30   30   29   27   25   23   20
   17   15   14   13   14   14   16   17   19   20   22   24   25   28   30   33
   37   41   46   50   53   55   56   55   51
    67.5-180.0 180.0   5.0 450.0                            LAT/LON1/LON2/DLON/H
   63   57   49   40   32   25   22   20   22   24   27   30   32   32   31   29
   26   22   18   14   11    9    9   10   12   16   20   24   27   30   32   33
   33   32   31   29   28   27   26   25   25   26   26   25   24   23   20   18
   15   13   13   13   14   16   18   21   23   25   27   29   31   33   35   38
   42   46   51   55   60   64   66   66   63
    65.0-180.0 180.0   5.0 450.0                            LAT/LON1/LON2/DLON/H
   73   68   59   49   39   30   25   23   23   24   26   27   28   27   26   24
   21   18   16   13   11   10   11   13   16   21   26   30   33   35   36   35
   33   31   28   25   23   21   19   19   19   20   20   21   21   20   18   15
   13   12   12   13   16   19   23   27   30   33   35   37   39   41   43   46
   48   51   55   60   65   71   74   76   73
    62.5-180.0 180.0   5.0 450.0                            LAT/LON1/LON2/DLON/H
   81   76   67   56   45   35   28   25   24   25   25   25   24   22   21   19
   18   17   16   14   13   13   14   17   21   26   31   34   37   38   37   34
   31   28   24   20   17   14   12   12   12   13   15   16   17   17   15   14
   12   11   12   14   18   23   29   34   38   42   45   48   50   52   54   55
   56   58   60   63   68   73   78   81   81
    60.0-180.0 180.0   5.0 450.0                            LAT/LON1/LON2/DLON/H
   84   81   73   61   49   39   31   28   26   26   25   23   21   18   17   18
   18   19   19   18   17   17   18   20   24   29   33   36   37   36   34   31
   27   22   19   15   12    9    7    7    7    9   11   13   14   15   14   12
   11   11   13   16   22   28   34   40   46   51   55   58   62   64   66   66
   66   64   64   64   67   72   78   83   84
    57.5-180.0 180.0   5.0 450.0                            LAT/LON1/LON2/DLON/H
   84   82   75   64   51   41   34   30   29   28   25   22   18   16   16   18
   21   23   24   23   21   20   20   22   25   29   32   34   34   32   28   25
   21   17   14   12   10    8    6    6    6    7    9   12   13   14   13   12
   12   12   15   19   25   33   40   47   53   58   63   67   71   75   77   77
   75   71   67   64   65   68   74   81   84
    55.0-180.0 180.0   5.0 450.0                            LAT/LON1/LON2/DLON/H
   81   81   75   64   52   42   36   33   32   30   27   22   18   16   17   20
   24   27   28   26   23   20   19   21   23   27   29   30   28   25   22   19
   16   14   13   12   11   11   10    9    9    9   11   13   15   15   15   14
   14   15   18   24   30   38   45   52   58   63   68   73   78   82   85   86
   83   77   70   64   62   64   69   76   81
    52.5-180.0 180.0   5.0 450.0                            LAT/LON1/LON2/DLON/H
   78   79   74   65   53   44   39   37   36   33   29   24   19   17   19   23
   28   31   30   27   22   18   16   17   20   23   25   24   22   19   16   14
   13   13   14   16   17   18   17   16   15   15   16   17   18   19   18   18
   18   20   24   30   37   45   52   58   63   67   72   76   81   86   90   91
   89   82   74   66   61   61   65   72   78
    50.0-180.0 180.0   5.0 450.0                            LAT/LON1/LON2/DLON/H
   78   80   75   66   56   47   43   41   40   38   33   26   22   20   22   26
   29   31   29   23   18   13   12   13   17   20   21   20   18   15   13   13
   13   16   19   23   25   27   27   25   24   23   23   23   24   24   23   23
   24   27   32   38   46   53   59   64   68   71   74   77   81   86   90   93
   92   86   78   70   63   61   65   72   78
    47.5-180.0 180.0   5.0 450.0                            LAT/LON1/LON2/DLON/H
   81   83   79   70   60   52   48   47   46   43   37   31   26   24   25   27
   29   28   24   18   12    9    9   11   16   19   20   19   17   15   14   15
   17   21   26   31   35   37   37   35   33   31   30   30   30   30   30   30
   32   36   42   49   56   62   68   72   75   76   77   78   80   83   88   91
   92   89   83   76   69   67   69   75   81
    45.0-180.0 180.0   5.0 450.0                            LAT/LON1/LON2/DLON/H
   87   89   85   77   67   60   56   55   53   49   42   36   31   29   29   29
   27   24   19   14    9    8    9   14   19   22   24   22   20   19   19   21
   24   28   33   38   43   45   45   43   41   39   38   37   37   37   37   38
   41   46   52   59   66   72   77   81   83   83   82   80   80   81   84   88
   91   91   88   83   78   76   77   82   87
    42.5-180.0 180.0   5.0 450.0                            LAT/LON1/LON2/DLON/H
   95   96   93   85   76   69   66   64   61   55   49   42   38   35   33   30
   26   21   17   13   12   12   16   21   26   30   30   29   26   25   26   29
   32   36   40   45   48   51   51   49   47   45   44   44   44   44   44   46
   49   55   62   69   76   82   87   90   92   91   89   85   82   81   82   85
   89   93   94   92   89   87   88   91   95
    40.0-180.0 180.0   5.0 450.0                            LAT/LON1/LON2/DLON/H
  104  104  101   93   85   79   75   73   69   62   55   50   46   43   39   33
   27   22   19   19   21   24   29   33   37   39   39   37   35   34   35   37
   40   43   46   49   52   53   53   52   51   50   50   51   51   51   51   52
   56   62   70   77   84   90   95   99  101  101   99   94   89   85   84   86
   91   95   99  100  100   99   99  101  104
    37.5-180.0 180.0   5.0 450.0                            LAT/LON1/LON2/DLON/H
  110  111  107  100   93   88   84   81   76   69   62   58   55   52   46   38
   31   28   29   32   37   41   44   47   48   48   47   45   43   42   43   44
   46   48   49   51   53   54   54   54   53   53   55   56   56   56   56   57
   61   67   74   82   90   96  102  107  110  112  110  107  101   96   93   93
   96  100  105  108  110  109  108  109  110
    35.0-180.0 180.0   5.0 450.0                            LAT/LON1/LON2/DLON/H
  115  115  112  106   99   95   92   88   82   74   68   65   64   60   54   45
   39   38   43   50   56   59   59   58   56   54   52   50   49   48   48   48
   49   50   51   53   54   54   54   54   55   56   58   60   61   60   59   59
   63   69   77   85   93  100  106  112  118  122  124  122  119  114  110  108
  107  109  113  116  118  117  115  115  115
    32.5-180.0 180.0   5.0 450.0                            LAT/LON1/LON2/DLON/H
  119  119  116  110  104  100   97   93   86   78   73   71   71   68   61   53
   48   51   59   68   74   74   69   63   58   55   54   53   52   50   50   49
   50   51   53   54   55   56   55   55   56   59   62   63   63   62   60   60
   63   69   77   86   95  102  110  117  124  132  138  141  141  138  134  130
  126  124  124  125  126  125  122  120  119
    30.0-180.0 180.0   5.0 450.0                            LAT/LON1/LON2/DLON/H
  125  124  120  114  107  103  101   97   90   82   76   75   76   73   66   59
   58   63   73   82   84   80   71   61   55   52   53   53   53   51   49   48
   49   52   54   57   58   58   58   58   59   61   64   65   64   62   59   59
   62   68   77   87   97  106  114  121  131  142  153  162  166  167  164  158
  151  144  140  138  137  134  129  126  125
    27.5-180.0 180.0   5.0 450.0                            LAT/LON1/LON2/DLON/H
  134  131  127  119  111  106  103   99   92   84   79   78   78   75   69   64
   64   71   80   86   84   75   63   53   47   47   51   53   53   50   47   46
   48   53   58   61   63   63   61   61   61   63   65   65   63   59   56   56
   60   68   79   91  102  112  120  128  139  153  169  184  194  199  198  192
  181  170  161  155  152  147  142  136  134
    25.0-180.0 180.0   5.0 450.0                            LAT/LON1/LON2/DLON/H
  149  145  138  128  118  111  107  103   96   87   81   79   78   74   68   65
   67   73   79   80   73   62   50   42   41   45   51   55   55   51   47   45
   49   56   63   67   69   68   66   64   63   63   64   63   59   55   52   53
   59   69   82   96  110  121  129  137  149  166  187  207  222  230  232  227
  215  200  188  179  174  168  160  154  149
    22.5-180.0 180.0   5.0 450.0                            LAT/LON1/LON2/DLON/H
  171  165  156  143  129  120  114  109  101   91   84   80   77   72   67   65
   67   70   71   66   56   46   38   36   40   48   57   62   61   55   49   48
   53   61   70   75   76   74   70   66   64   63   61   59   54   49   47   50
   58   71   87  105  120  132  141  149  162  182  206  229  248  259  264  260
  249  233  218  208  202  196  187  178  171
    20.0-180.0 180.0   5.0 450.0                            LAT/LON1/LON2/DLON/H
  200  191  180  163  147  134  126  120  110  100   91   85   79   72   67   65
   66   65   60   49   39   33   34   39   49   61   71   75   71   63   56   55
   60   70   79   83   83   79   73   68   63   61   58   54   49   44   42   47
   58   75   94  114  132  145  155  163  177  198  225  250  270  284  290  289
  280  265  251  241  236  230  220  209  200
    17.5-180.0 180.0   5.0 450.0                            LAT/LON1/LON2/DLON/H
  233  223  209  190  171  156  145  136  125  113  103   94   86   77   71   69
   68   63   51   38   31   32   42   56   70   82   91   92   86   76   68   66
   72   81   89   92   89   83   75   68   62   58   54   49   44   39   39   46
   60   79  101  123  143  158  168  178  192  215  242  268  288  302  310  311
  305  293  281  274  271  266  256  244  233
    15.0-180.0 180.0   5.0 450.0                            LAT/LON1/LON2/DLON/H
  267  255  241  222  201  184  171  160  147  134  121  110   99   89   83   80
   77   67   52   39   37   47   66   85  100  110  115  113  104   93   83   81
   86   93   99   99   95   87   77   69   61   56   51   46   41   36   37   45
   62   84  107  130  151  167  179  190  206  230  257  281  300  312  322  326
  324  315  307  303  303  300  291  279  267
    12.5-180.0 180.0   5.0 450.0                            LAT/LON1/LON2/DLON/H
  298  287  274  257  237  219  205  191  176  161  147  134  121  110  102   98
   93   81   65   55   59   78  103  123  135  139  139  134  123  111  101   98
  101  105  108  106   99   90   80   70   61   55   50   45   40   36   37   47
   65   88  112  135  155  172  187  200  218  241  266  288  304  316  326  333
  335  330  325  325  328  328  321  309  298
    10.0-180.0 180.0   5.0 450.0                            LAT/LON1/LON2/DLON/H
  323  315  306  292  275  258  243  227  210  193  178  164  150  137  128  124
  117  104   90   85   96  120  145  161  165  163  159  151  141  129  119  114
  114  116  115  111  104   94   83   73   63   56   51   47   42   39   40   50
   69   92  115  136  156  174  190  207  225  247  271  290  303  314  325  335
  339  337  334  337  343  347  342  333  323
     7.5-180.0 180.0   5.0 450.0                            LAT/LON1/LON2/DLON/H
  342  338  334  325  312  298  283  267  248  230  214  199  184  169  159  152
  145  134  123  124  140  165  185  191  186  178  171  165  156  144  134  128
  125  123  120  115  107   98   88   77   67   59   54   50   46   43   45   55
   74   97  118  136  153  172  191  210  230  250  270  286  298  309  321  333
  339  338  336  340  348  355  354  348  342
     5.0-180.0 180.0   5.0 450.0                            LAT/LON1/LON2/DLON/H
  354  355  356  353  345  335  322  306  286  268  251  235  219  202  189  180
  173  163  158  164  182  203  213  207  194  182  176  173  167  157  146  137
  131  126  121  116  110  102   93   82   71   63   57   54   51   48   50   61
   79  101  120  135  150  169  190  212  231  249  265  279  290  302  317  330
  336  334  331  335  345  354  357  355  354
     2.5-180.0 180.0   5.0 450.0                            LAT/LON1/LON2/DLON/H
  361  367  372  373  371  365  355  340  320  302  285  269  251  232  215  204
  195  188  187  196  213  226  224  207  187  177  176  178  175  166  153  141
  131  124  118  114  110  105   96   86   75   66   60   57   55   53   55   66
   85  106  122  135  148  166  189  212  231  246  259  270  282  297  314  328
  333  329  324  326  336  347  354  357  361
