examples/IONEXdata/CODG3130.17I
     1.0            IONOSPHERE MAPS     GNSS                IONEX VERSION / TYPE
ADDNEQ2 V5.3        AIUB                13-NOV-17 20:20     PGM / RUN BY / DATE 
CODE'S GLOBAL IONOSPHERE MAPS FOR DAY 313, 2017             COMMENT             
Global ionosphere maps (GIM) are generated on a daily basis DESCRIPTION         
at CODE using data from about 300 GNSS sites of the IGS and DESCRIPTION         
other institutions. The vertical total electron content     DESCRIPTION         
(VTEC) is modeled in a solar-geomagnetic reference frame    DESCRIPTION         
using a spherical harmonics expansion up to degree and      DESCRIPTION         
order 15. Piece-wise linear functions are used for          DESCRIPTION         
representation in the time domain. The time spacing of      DESCRIPTION         
their vertices is 1 hour, conforming with the epochs of the DESCRIPTION         
VTEC maps.                                                  DESCRIPTION         
To convert line-of-sight TEC into vertical TEC, a modified  DESCRIPTION         
single-layer model mapping function approximating the JPL   DESCRIPTION         
extended slab model mapping function is adopted. The        DESCRIPTION         
mapping function is evaluated at geodetic satellite         DESCRIPTION         
elevation angles. For the computation of the ionospheric    DESCRIPTION         
pierce points, a spherical layer with a radius of 6821 km   DESCRIPTION         
is assumed, implying geocentric, not geodetic IONEX         DESCRIPTION         
latitudes.                                                  DESCRIPTION         
Instrumental biases with respect to each involved GNSS code DESCRIPTION         
observable are estimated as constant values for each        DESCRIPTION         
day. They are modeled with one set of bias parameters for   DESCRIPTION         
each satellite and each station in case of GPS and for each DESCRIPTION         
satellite-station link in case of GLONASS. The code bias    DESCRIPTION         
datum is defined by zero-mean conditions imposed on the     DESCRIPTION         
satellite bias estimates. In this file, just GPS C1W-C2W    DESCRIPTION         
satellite and station bias values are included. The         DESCRIPTION         
complete set of GNSS code bias results is provided in an    DESCRIPTION         
additional Bias-SINEX file as pseudo-absolute values        DESCRIPTION         
specific to each observable.                                DESCRIPTION         
Note: These GIM results correspond to the results for the   DESCRIPTION         
middle day of a 3-day combination analysis solving for 73   DESCRIPTION         
times 256, or 18688 VTEC parameters and 3 daily sets of     DESCRIPTION         
GNSS code bias parameters.                                  DESCRIPTION         
Contact address: code(at)aiub.unibe.ch                      DESCRIPTION         
Data archive:    ftp.aiub.unibe.ch/CODE/                    DESCRIPTION         
                 www.aiub.unibe.ch/download/CODE/           DESCRIPTION         
  2017    11     9     0     0     0                        EPOCH OF FIRST MAP  
  2017    11    10     0     0     0                        EPOCH OF LAST MAP   
  3600                                                      INTERVAL            
[...]
gold gope gras graz guam guat guug harb hers hert hlfx hnlc COMMENT             
hnpt hob2 hofn holb hrao hyde iddr ieng iisc impz ineg invk COMMENT             
iqal iqui irkj isba joz2 joze karr kat1 kely kerg khar kir0 COMMENT             
kiri kiru kit3 kokb kokv kouc koug kour krgg lama laut lhaz COMMENT             
lmmf lpal lpgs m0se mac1 madr mag0 maju mal2 mana mas1 mat1 COMMENT             
mate maui maw1 mbar mcil mcm4 mdo1 mdvj medi mets mgue mizu COMMENT             
mkea mnls mobj mobk mobs monp morp mqzg mro1 mtka nano naur COMMENT             
nico nist nium nklg nlib nnor not1 novm nrc1 nril nrmd ntus COMMENT             
nya1 nyal ohi2 ohi3 onsa opmt ous2 pado park pbri pdel penc COMMENT             
pert pfa2 pie1 pimo pol2 polv pots pove prds ptag ptbb ptvl COMMENT             
qaq1 quin rabt ramo rbay recf reso reun reyk rgdg rio2 riop COMMENT             
roth salu samo sant savo sch2 scor scrz sctb scub seyg sfer COMMENT             
shao sofi spt0 ssia sthl stjo stk2 str2 sutm suwn sydn syog COMMENT             
tabl tabv tash tehn thtg thti thu2 thu3 tidb tixg tixi tlse COMMENT             
tn22 tnml tong tow2 tro1 tsea tskb tuva twtf txes uclu ufpr COMMENT             
ulab unb3 unbj unsa urum urus usn7 usud vaco vald vill voim COMMENT             
vtsp wab1 wab2 wark wgtn whit will wind wsrt wtza wtzr wtzs COMMENT             
wtzz xmis yakt yar2 yar3 yarr ycba yell ykro zamb zeck zim2 COMMENT             
zim3 zimj zimm                                              COMMENT             
                                                            END OF HEADER       
[from data line 9438]
    23                                                      START OF TEC MAP    
  2017    11     9    22     0     0                        EPOCH OF CURRENT MAP
    87.5-180.0 180.0   5.0 450.0                            LAT/LON1/LON2/DLON/H
   45   45   45   45   45   46   45   45   45   45   45   45   44   44   44   43
   43   42   42   41   40   40   39   39   38   38   37   37   36   36   36   35
   35   35   35   35   35   35   35   35   35   35   35   35   36   36   36   36
   37   37   37   38   38   39   39   39   40   40   40   41   41   42   42   42
   43   43   43   44   44   44   44   45   45
    85.0-180.0 180.0   5.0 450.0                            LAT/LON1/LON2/DLON/H
   46   47   47   48   48   48   49   49   49   49   48   48   48   47   46   45
   44   43   42   41   39   38   37   35   34   33   32   31   30   30   29   29
   29   29   28   29   29   29   29   29   30   30   31   31   31   32   32   33
   33   34   34   35   36   36   37   37   38   38   39   40   40   41   41   42
   42   43   43   44   44   45   45   46   46
    82.5-180.0 180.0   5.0 450.0                            LAT/LON1/LON2/DLON/H
   45   45   46   47   48   48   49   50   50   51   51   51   50   50   48   47
   45   44   42   39   37   35   33   31   29   28   26   25   25   24   24   23
   23   24   24   24   25   25   26   26   27   27   28   29   29   30   30   31
   31   32   32   33   33   34   34   35   36   36   37   37   38   38   39   39
   40   40   41   41   42   43   43   44   45
    80.0-180.0 180.0   5.0 450.0                            LAT/LON1/LON2/DLON/H
   41   42   43   44   45   46   48   49   50   51   52   53   52   52   50   49
   46   44   41   38   35   32   29   27   24   23   22   21   20   20   20   20
   21   21   22   23   23   24   25   26   27   27   28   29   29   29   30   30
   30   31   31   31   32   32   33   33   33   34   34   34   34   35   35   35
   35   36   37   37   38   39   39   40   41
    77.5-180.0 180.0   5.0 450.0                            LAT/LON1/LON2/DLON/H
   37   38   39   40   41   43   45   47   49   51   53   54   54   54   52   50
   47   44   40   36   32   28   25   23   21   19   18   18   18   18   19   20
   21   22   23   24   25   26   27   28   29   30   30   31   31   31   31   31
   31   31   31   31   31   31   31   32   32   32   32   31   31   31   31   30
   31   31   32   33   34   35   36   37   37
    75.0-180.0 180.0   5.0 450.0                            LAT/LON1/LON2/DLON/H
   36   36   37   37   38   40   42   44   48   51   54   56   56   56   54   52
   48   43   38   34   29   25   22   20   18   18   18   18   19   20   21   22
   23   24   25   26   28   29   30   31   32   33   33   33   33   33   33   32
   32   31   31   30   30   30   31   31   31   30   30   29   28   27   26   26
   26   26   27   29   30   32   34   35   36
    72.5-180.0 180.0   5.0 450.0                            LAT/LON1/LON2/DLON/H
   38   38   37   37   37   38   40   43   47   51   55   57   59   58   56   53
   48   42   37   32   27   23   21   19   18   18   19   20   22   23   25   26
   27   28   28   29   30   31   32   33   34   35   35   36   35   35   34   33
   32   31   30   30   30   30   30   30   30   29   28   27   25   24   22   21
   21   22   24   26   29   32   35   37   38
    70.0-180.0 180.0   5.0 450.0                            LAT/LON1/LON2/DLON/H
   43   43   42   40   38   38   39   42   47   52   56   60   61   60   58   53
   48   42   36   30   26   23   21   20   20   20   22   24   26   28   29   30
   30   30   30   30   30   30   31   32   33   34   35   36   35   35   34   33
   31   30   29   28   28   28   29   29   29   29   27   26   23   21   19   18
   18   19   22   25   30   34   38   41   43
    67.5-180.0 180.0   5.0 450.0                            LAT/LON1/LON2/DLON/H
   51   51   49   46   42   40   41   43   48   53   58   62   63   62   58   53
   47   41   35   30   27   24   22   22   22   23   25   27   29   31   32   32
   31   30   29   28   27   27   28   29   30   31   32   33   33   33   32   30
   29   27   26   26   25   26   27   27   28   27   26   24   22   19   17   15
   15   17   20   25   31   38   44   48   51
    65.0-180.0 180.0   5.0 450.0                            LAT/LON1/LON2/DLON/H
   59   60   57   53   48   44   43   45   49   55   60   63   64   62   58   53
   47   41   37   32   29   27   25   24   24   25   27   29   31   32   32   31
   29   27   25   23   22   21   22   23   24   26   27   28   28   28   27   26
   25   24   22   22   22   22   23   25   25   26   25   23   20   18   16   14
   15   17   21   26   34   42   49   55   59
    62.5-180.0 180.0   5.0 450.0                            LAT/LON1/LON2/DLON/H
   66   67   65   60   54   49   46   47   51   56   61   64   64   62   58   53
   48   43   40   36   34   31   29   27   26   26   27   28   29   30   29   28
   25   22   19   17   15   15   15   16   18   20   21   22   22   22   22   22
   21   20   19   18   18   19   20   21   23   23   23   21   19   17   16   15
   16   18   22   28   35   44   53   61   66
    60.0-180.0 180.0   5.0 450.0                            LAT/LON1/LON2/DLON/H
   69   73   71   66   60   54   50   50   53   58   62   64   63   61   57   54
   50   47   45   43   40   36   33   30   27   26   26   26   27   27   25   23
   20   17   14   11   10   10   10   12   13   15   16   17   17   17   18   18
   17   17   16   16   16   16   17   19   20   20   20   19   18   17   17   18
   20   22   26   31   37   45   54   63   69
    57.5-180.0 180.0   5.0 450.0                            LAT/LON1/LON2/DLON/H
   70   75   75   71   64   58   54   53   55   59   62   63   62   60   58   56
   54   53   52   50   46   42   36   31   27   24   23   23   23   23   21   19
   16   13   10    9    8    8    9   10   11   13   13   14   14   14   15   16
   16   16   16   16   16   16   17   18   18   19   18   17   17   18   19   22
   25   28   31   34   38   45   53   62   70
    55.0-180.0 180.0   5.0 450.0                            LAT/LON1/LON2/DLON/H
   68   74   77   74   69   62   58   57   58   60   61   61   60   59   59   59
   60   61   60   57   52   46   39   32   27   23   22   21   21   20   19   17
   14   12   10   10   10   11   12   13   14   14   15   15   15   15   16   17
   18   19   20   19   19   19   19   19   19   19   18   17   17   19   23   28
   33   37   39   40   41   44   50   59   68
    52.5-180.0 180.0   5.0 450.0                            LAT/LON1/LON2/DLON/H
   65   73   78   77   73   67   63   62   62   62   61   60   59   59   61   64
   67   68   66   62   56   49   41   34   28   24   22   22   21   21   19   17
   15   14   14   15   16   18   19   20   20   20   20   20   19   19   20   22
   24   25   26   26   26   26   25   24   23   21   19   17   18   21   26   34
   41   46   48   48   46   46   49   56   65
    50.0-180.0 180.0   5.0 450.0                            LAT/LON1/LON2/DLON/H
   65   74   80   81   78   74   70   68   67   65   63   60   59   61   65   70
   73   73   71   65   58   50   43   36   31   27   26   25   25   24   22   21
   20   20   22   24   26   28   29   29   29   29   28   27   27   27   28   29
   32   34   35   36   36   35   34   32   30   26   22   20   20   24   30   40
   49   55   58   57   54   51   52   57   65
    47.5-180.0 180.0   5.0 450.0                            LAT/LON1/LON2/DLON/H
   70   78   84   86   84   81   78   76   74   70   65   62   61   64   70   75
   78   77   72   66   59   52   45   40   36   33   32   31   30   29   27   26
   26   27   30   34   37   39   39   39   38   38   38   37   36   36   37   39
   41   44   45   46   47   46   44   42   38   33   28   24   24   27   35   45
   55   64   68   68   64   60   59   63   70
    45.0-180.0 180.0   5.0 450.0                            LAT/LON1/LON2/DLON/H
   79   87   92   94   93   90   88   86   82   77   70   66   65   69   75   80
   81   77   71   65   59   54   49   46   43   40   39   38   37   35   33   32
   32   35   39   44   47   48   48   47   47   46   46   46   46   46   46   48
   50   52   54   56   56   56   54   51   45   39   33   29   29   32   39   49
   60   70   76   78   76   73   71   73   79
    42.5-180.0 180.0   5.0 450.0                            LAT/LON1/LON2/DLON/H
   93   99  103  104  102  100   98   96   92   85   77   71   71   75   80   83
   82   77   70   64   60   58   56   53   50   48   45   44   42   40   38   37
   38   42   47   51   54   55   55   53   52   52   53   54   54   54   55   56
   57   59   61   63   64   63   61   57   52   45   39   35   34   38   44   53
   63   73   81   86   88   87   87   88   93
    40.0-180.0 180.0   5.0 450.0                            LAT/LON1/LON2/DLON/H
  109  114  116  115  112  109  108  106  101   93   84   78   78   82   86   87
   83   76   70   66   65   65   64   61   57   53   49   47   45   43   41   41
   43   47   52   56   59   59   58   56   55   56   57   59   60   61   61   61
   62   64   65   67   67   67   65   61   55   48   42   39   40   44   50   57
   65   74   83   92   98  101  103  105  109
    37.5-180.0 180.0   5.0 450.0                            LAT/LON1/LON2/DLON/H
  126  129  129  126  121  118  117  115  111  102   93   87   86   89   92   90
   85   78   74   73   74   75   73   68   61   55   50   47   45   44   43   44
   46   50   55   59   61   61   59   58   57   58   60   62   63   64   65   65
   65   65   66   67   68   68   65   61   54   48   43   42   45   51   57   62
   67   74   83   94  104  112  117  122  126
    35.0-180.0 180.0   5.0 450.0                            LAT/LON1/LON2/DLON/H
  140  143  142  137  131  126  125  123  119  111  102   96   95   97   98   95
   89   84   83   85   87   86   80   72   62   54   48   46   45   45   46   48
   50   54   57   60   61   61   59   59   58   59   61   63   65   66   67   67
   66   66   66   66   67   66   63   58   51   45   42   44   49   57   64   68
   71   74   82   94  107  119  128  134  140
    32.5-180.0 180.0   5.0 450.0                            LAT/LON1/LON2/DLON/H
  150  155  153  147  140  134  132  130  126  119  111  106  105  106  106  102
   98   95   97  100  101   96   85   72   60   52   47   46   47   49   51   53
   56   58   61   62   62   61   61   61   61   62   63   64   66   67   68   68
   67   66   65   65   65   63   60   54   47   42   40   43   51   62   71   76
   76   77   82   93  107  121  133  143  150
    30.0-180.0 180.0   5.0 450.0                            LAT/LON1/LON2/DLON/H
  157  164  164  158  149  142  139  137  134  127  120  116  115  116  115  112
  110  111  114  117  113  103   87   70   58   51   50   52   55   58   60   63
   65   66   66   65   63   63   63   64   65   66   66   66   67   68   69   69
   67   66   65   65   64   61   57   50   44   39   37   42   52   66   78   84
   85   83   84   92  105  120  134  147  157
    27.5-180.0 180.0   5.0 450.0                            LAT/LON1/LON2/DLON/H
  162  171  174  169  160  152  148  145  142  136  130  127  126  126  125  123
  124  128  132  132  123  105   85   68   59   57   60   64   69   72   75   76
   77   76   74   70   67   66   68   70   72   72   71   70   69   70   70   70
   69   68   66   66   64   61   55   49   42   37   35   40   51   68   84   94
   95   91   89   93  104  118  133  148  162
    25.0-180.0 180.0   5.0 450.0                            LAT/LON1/LON2/DLON/H
  165  178  184  181  173  165  159  156  152  147  142  139  138  138  137  137
  140  145  148  143  128  105   84   70   67   71   79   86   90   92   93   94
   93   90   85   79   74   72   73   76   79   79   77   74   73   73   73   72
   71   70   69   68   65   61   55   49   42   37   35   38   50   68   88  102
  107  103   98   99  106  117  132  148  165
    22.5-180.0 180.0   5.0 450.0                            LAT/LON1/LON2/DLON/H
  170  186  195  195  188  180  174  170  166  161  157  154  152  150  149  150
  155  161  161  150  129  105   86   80   85   96  107  114  116  116  115  113
  110  105   98   90   83   79   80   83   85   85   83   80   77   76   75   74
   73   72   71   70   67   62   56   50   44   39   36   38   48   68   91  110
  118  116  110  108  111  120  134  151  170
    20.0-180.0 180.0   5.0 450.0                            LAT/LON1/LON2/DLON/H
  176  194  206  209  205  198  193  188  183  179  175  172  169  165  163  165
  170  173  169  154  131  108   97  100  114  129  141  145  144  140  136  132
  128  122  113  103   93   88   87   89   91   91   88   85   82   79   77   75
   74   74   73   71   68   63   57   52   47   42   38   38   47   67   94  117
  129  129  124  120  121  128  140  157  176
    17.5-180.0 180.0   5.0 450.0                            LAT/LON1/LON2/DLON/H
  185  204  218  224  223  219  214  210  205  201  197  193  189  183  179  180
  183  184  177  159  137  121  120  133  152  168  176  175  168  161  155  149
  144  137  128  116  105   97   94   94   95   94   92   89   85   82   78   75
   74   73   73   71   68   63   57   53   48   44   40   39   48   68   96  122
  138  141  137  134  135  141  152  166  185
    15.0-180.0 180.0   5.0 450.0                            LAT/LON1/LON2/DLON/H
  196  214  229  238  241  241  239  235  231  228  224  219  212  205  199  197
  198  196  186  169  153  147  156  176  196  208  207  198  186  177  169  163
  158  151  142  130  117  107  101   99   98   96   94   91   87   83   78   74
   72   71   70   69   65   61   56   52   49   45   42   41   49   69   98  126
  145  151  150  149  151  157  166  179  196
    12.5-180.0 180.0   5.0 450.0                            LAT/LON1/LON2/DLON/H
  207  223  239  251  259  263  264  263  260  257  254  249  240  230  222  217
  216  212  202  188  180  185  203  225  241  241  229  211  196  186  179  174
  169  163  155  143  130  118  110  104  101   97   94   91   87   82   76   71
   69   68   67   65   62   58   54   50   48   45   43   43   52   73  102  131
  150  158  160  163  168  175  183  193  207
    10.0-180.0 180.0   5.0 450.0                            LAT/LON1/LON2/DLON/H
  217  231  247  262  275  285  290  291  290  289  286  281  272  260  249  242
  239  233  225  218  219  233  255  274  278  265  240  216  199  191  187  182
  178  172  165  155  142  130  119  111  104   98   94   90   86   80   73   68
   66   65   64   62   58   55   51   49   46   44   42   45   57   79  107  135
  154  163  168  174  183  192  199  207  217
     7.5-180.0 180.0   5.0 450.0                            LAT/LON1/LON2/DLON/H
  225  237  254  272  290  305  314  319  320  320  319  314  305  292  280  272
  267  262  257  256  265  284  305  315  305  276  241  213  199  195  193  190
  184  178  172  164  153  140  129  118  108   99   92   88   83   77   70   66
   64   63   62   59   56   53   51   48   45   42   42   47   62   85  114  140
  157  167  174  183  195  205  213  218  225
     5.0-180.0 180.0   5.0 450.0                            LAT/LON1/LON2/DLON/H
  231  242  259  280  302  322  336  344  346  348  348  345  337  325  313  305
  299  296  294  299  312  331  345  342  317  276  235  208  199  200  201  197
  189  182  176  169  160  149  137  125  113  101   91   85   79   74   68   65
   64   64   63   59   56   54   52   49   45   41   42   50   67   92  120  144
  160  169  178  190  204  215  222  226  231
     2.5-180.0 180.0   5.0 450.0                            LAT/LON1/LON2/DLON/H
  234  245  263  287  313  337  354  364  368  370  372  371  366  356  346  338
  333  331  333  339  352  365  369  353  316  269  228  207  204  210  211  204
  192  181  174  169  162  153  143  131  117  102   90   82   76   71   67   66
   66   67   66   62   59   57   55   52   47   42   43   52   72   99  126  148
  162  170  180  194  208  220  226  229  234
