examples/IONEXdata/CODG3120.17I
     1.0            IONOSPHERE MAPS     GNSS                IONEX VERSION / TYPE
ADDNEQ2 V5.3        AIUB                13-NOV-17 03:35     PGM / RUN BY / DATE 
CODE'S GLOBAL IONOSPHERE MAPS FOR DAY 312, 2017             COMMENT             
Global ionosphere maps (GIM) are generated on a daily basis DESCRIPTION         
at CODE using data from about 300 GNSS sites of the IGS and DESCRIPTION         
other institutions. The vertical total electron content     DESCRIPTION         
(VTEC) is modeled in a solar-geomagnetic reference frame    DESCRIPTION         
using a spherical harmonics expansion up to degree and      DESCRIPTION         
order 15. Piece-wise linear functions are used for          DESCRIPTION         
representation in the time domain. The time spacing of      DESCRIPTION         
their vertices is 1 hour, conforming with the epochs of the DESCRIPTION         
VTEC maps.                                                  DESCRIPTION         
To convert line-of-sight TEC into vertical TEC, a modified  DESCRIPTION         
single-layer model mapping function approximating the JPL   DESCRIPTION         
extended slab model mapping function is adopted. The        DESCRIPTION         
mapping function is evaluated at geodetic satellite         DESCRIPTION         
elevation angles. For the computation of the ionospheric    DESCRIPTION         
pierce points, a spherical layer with a radius of 6821 km   DESCRIPTION         
is assumed, implying geocentric, not geodetic IONEX         DESCRIPTION         
latitudes.                                                  DESCRIPTION         
Instrumental biases with respect to each involved GNSS code DESCRIPTION         
observable are estimated as constant values for each        DESCRIPTION         
day. They are modeled with one set of bias parameters for   DESCRIPTION         
each satellite and each station in case of GPS and for each DESCRIPTION         
satellite-station link in case of GLONASS. The code bias    DESCRIPTION         
datum is defined by zero-mean conditions imposed on the     DESCRIPTION         
satellite bias estimates. In this file, just GPS C1W-C2W    DESCRIPTION         
satellite and station bias values are included. The         DESCRIPTION         
complete set of GNSS code bias results is provided in an    DESCRIPTION         
additional Bias-SINEX file as pseudo-absolute values        DESCRIPTION         
specific to each observable.                                DESCRIPTION         
Note: These GIM results correspond to the results for the   DESCRIPTION         
middle day of a 3-day combination analysis solving for 73   DESCRIPTION         
times 256, or 18688 VTEC parameters and 3 daily sets of     DESCRIPTION         
GNSS code bias parameters.                                  DESCRIPTION         
Contact address: code(at)aiub.unibe.ch                      DESCRIPTION         
Data archive:    ftp.aiub.unibe.ch/CODE/                    DESCRIPTION         
                 www.aiub.unibe.ch/download/CODE/           DESCRIPTION         
  2017    11     8     0     0     0                        EPOCH OF FIRST MAP  
  2017    11     9     0     0     0                        EPOCH OF LAST MAP   
  3600                                                      INTERVAL            
[...]
gol2 gold gope gras graz guam guat guug harb hers hert hlfx COMMENT             
hnlc hnpt hob2 hofn holb hrao hyde iddr ieng iisc impz ineg COMMENT             
invk iqal iqui irkj isba joz2 joze karr kat1 kely kerg khar COMMENT             
kir0 kiri kiru kit3 kokb kokv kouc koug kour krgg lama laut COMMENT             
lhaz lmmf lpal lpgs m0se mac1 madr mag0 maju mal2 mana mas1 COMMENT             
mat1 mate maui maw1 mbar mcil mcm4 mdo1 mdvj medi mets mgue COMMENT             
mizu mkea mnls mobj mobk mobs monp morp mqzg mro1 mtka nano COMMENT             
naur nico nist nium nklg nlib nnor not1 novm nrc1 nril nrmd COMMENT             
ntus nya1 nyal ohi2 ohi3 onsa opmt ous2 pado parc park pbri COMMENT             
pdel penc pert pfa2 pie1 pimo pol2 polv pots pove prds ptag COMMENT             
ptbb ptvl qaq1 quin rabt ramo recf reso reun reyk rgdg rio2 COMMENT             
riop roth salu samo sant savo sch2 scor scrz sctb scub seyg COMMENT             
sfer shao sofi spt0 ssia sthl stjo stk2 str2 sutm suwn sydn COMMENT             
syog tabl tabv tash tehn thtg thti thu2 thu3 tid1 tidb tixg COMMENT             
tixi tlse tn22 tong tow2 tro1 tsea tskb twtf txes uclu ufpr COMMENT             
ulab unb3 unbj unsa urum urus usn7 usud vaco vald vill voim COMMENT             
vtsp wab1 wab2 wark wgtn whit will wind wsrt wtza wtzr wtzs COMMENT             
wtzz xmis yakt yar2 yar3 yarr ycba yell ykro yssk zamb zeck COMMENT             
zim2 zim3 zimj zimm                                         COMMENT             
                                                            END OF HEADER       
[from data line 8151]
    20                                                      START OF TEC MAP    
  2017    11     8    19     0     0                        EPOCH OF CURRENT MAP
    87.5-180.0 180.0   5.0 450.0                            LAT/LON1/LON2/DLON/H
   30   31   31   31   32   32   32   32   33   33   33   33   33   33   33   33
   33   32   32   32   32   32   31   31   31   31   30   30   30   29   29   29
   28   28   28   27   27   27   26   26   26   25   25   25   24   24   24   24
   24   24   24   23   24   24   24   24   24   24   25   25   25   26   26   26
   27   27   28   28   29   29   30   30   30
    85.0-180.0 180.0   5.0 450.0                            LAT/LON1/LON2/DLON/H
   32   33   34   34   35   35   35   36   36   36   36   36   36   36   36   36
   35   35   35   35   34   34   33   33   33   32   32   31   31   30   30   29
   28   28   27   27   26   26   25   25   24   23   23   22   22   21   21   20
   20   20   19   19   19   19   19   19   20   20   21   21   22   23   24   24
   25   26   27   28   29   30   31   32   32
    82.5-180.0 180.0   5.0 450.0                            LAT/LON1/LON2/DLON/H
   33   34   35   36   36   37   37   37   37   37   37   37   37   37   37   37
   37   36   36   36   35   35   35   34   34   33   32   32   31   31   30   29
   29   28   28   27   27   26   25   25   24   23   22   22   21   20   19   18
   18   17   17   16   16   16   16   16   17   17   18   19   20   21   22   23
   24   26   27   28   29   30   32   33   33
    80.0-180.0 180.0   5.0 450.0                            LAT/LON1/LON2/DLON/H
   34   34   35   36   36   37   37   37   37   37   37   37   37   37   37   37
   37   37   37   37   37   36   36   35   35   34   33   33   32   31   31   30
   29   29   28   28   27   27   26   26   25   24   23   23   22   21   20   19
   18   17   16   16   15   15   15   15   16   16   17   18   19   21   22   23
   24   26   27   28   29   31   32   33   34
    77.5-180.0 180.0   5.0 450.0                            LAT/LON1/LON2/DLON/H
   33   33   34   34   35   35   35   35   35   35   35   35   36   36   36   37
   37   38   38   39   39   39   38   38   37   36   35   34   33   32   31   31
   30   29   29   29   28   28   27   27   26   26   25   25   24   23   22   21
   20   18   17   17   16   16   16   16   17   17   18   20   21   22   23   24
   25   26   27   28   29   30   31   32   33
    75.0-180.0 180.0   5.0 450.0                            LAT/LON1/LON2/DLON/H
   30   31   32   32   33   33   33   33   33   33   33   34   35   36   37   38
   39   41   42   43   44   44   43   42   41   39   37   36   34   33   32   31
   30   30   29   28   28   28   27   27   27   27   27   27   26   26   25   23
   22   21   20   19   18   18   18   18   19   20   21   22   23   24   25   26
   26   27   27   28   28   29   29   30   30
    72.5-180.0 180.0   5.0 450.0                            LAT/LON1/LON2/DLON/H
   28   28   29   30   30   30   31   31   31   32   32   34   35   37   39   41
   44   46   48   50   51   51   50   48   46   43   40   37   35   33   32   30
   29   29   28   27   26   26   26   26   26   27   27   28   28   27   27   26
   24   23   22   21   20   19   20   20   21   22   23   24   25   26   27   27
   27   27   27   26   26   26   26   27   28
    70.0-180.0 180.0   5.0 450.0                            LAT/LON1/LON2/DLON/H
   25   26   27   27   28   29   29   30   30   31   33   35   37   40   43   47
   50   54   57   59   60   60   58   55   51   47   42   38   35   32   30   29
   28   26   25   24   23   22   22   22   23   24   26   27   28   28   27   27
   25   24   22   21   20   20   20   21   22   23   24   26   27   27   28   27
   27   26   25   25   24   23   23   24   25
    67.5-180.0 180.0   5.0 450.0                            LAT/LON1/LON2/DLON/H
   22   24   25   26   27   28   29   29   31   32   35   38   41   45   49   53
   58   62   66   69   70   69   66   62   56   49   43   37   33   30   27   26
   24   23   22   20   19   18   17   18   19   21   23   25   26   27   27   26
   24   22   21   19   19   19   19   20   21   22   24   25   26   26   27   26
   26   25   24   22   21   21   21   21   22
    65.0-180.0 180.0   5.0 450.0                            LAT/LON1/LON2/DLON/H
   21   23   25   26   28   29   29   30   32   34   38   41   46   50   55   61
   66   71   75   78   79   77   73   67   58   50   42   35   29   26   23   22
   20   19   17   15   14   12   12   12   14   16   19   21   23   24   24   23
   21   19   17   16   16   16   16   17   19   20   21   22   23   24   24   24
   24   23   22   21   19   18   18   19   21
    62.5-180.0 180.0   5.0 450.0                            LAT/LON1/LON2/DLON/H
   21   23   26   28   30   30   31   32   34   36   40   45   50   55   61   66
   72   77   82   85   85   83   77   69   59   48   39   31   25   21   19   18
   17   15   13   11    9    8    7    8   10   12   15   18   20   21   21   20
   18   15   13   12   12   12   13   14   15   16   17   18   19   20   21   22
   22   22   21   20   18   18   18   19   21
    60.0-180.0 180.0   5.0 450.0                            LAT/LON1/LON2/DLON/H
   23   26   29   32   33   34   34   34   35   38   43   48   53   59   64   70
   76   81   85   88   87   84   78   68   57   46   36   28   22   19   17   16
   14   13   11    8    7    5    5    6    8   11   14   16   18   19   19   17
   15   12   10    9    9   10   11   12   13   13   14   15   16   17   19   21
   22   22   22   21   19   19   19   20   23
    57.5-180.0 180.0   5.0 450.0                            LAT/LON1/LON2/DLON/H
   26   30   34   37   38   38   37   37   38   40   44   49   55   60   65   71
   76   81   84   86   86   82   75   66   55   44   35   27   22   19   18   16
   15   13   10    8    7    6    6    7    9   11   14   16   18   19   18   16
   14   11    9    9    9   10   11   12   13   13   13   13   14   16   19   21
   23   24   24   23   22   21   21   23   26
    55.0-180.0 180.0   5.0 450.0                            LAT/LON1/LON2/DLON/H
   31   35   40   43   45   44   43   41   41   42   46   50   55   60   64   69
   74   78   81   82   81   77   71   63   54   45   37   31   27   24   23   21
   19   16   13   11   10   10   10   11   13   15   17   19   20   21   20   19
   16   14   12   12   13   14   15   16   15   15   14   14   16   18   21   24
   26   28   29   28   27   26   26   27   31
    52.5-180.0 180.0   5.0 450.0                            LAT/LON1/LON2/DLON/H
   37   42   47   51   53   52   50   47   46   46   49   52   55   59   63   67
   71   74   76   76   75   72   67   61   55   48   43   39   36   34   32   29
   26   22   19   17   16   17   18   19   19   20   21   23   25   26   25   24
   22   20   19   19   20   21   22   22   21   20   19   19   20   22   25   28
   31   33   34   34   33   32   32   33   37
    50.0-180.0 180.0   5.0 450.0                            LAT/LON1/LON2/DLON/H
   43   49   55   60   63   62   59   56   54   53   54   56   58   60   63   66
   69   71   72   71   69   67   64   61   58   55   52   50   48   47   44   40
   35   30   26   25   25   26   27   27   27   27   27   29   31   33   33   33
   31   30   29   29   30   31   32   31   29   27   25   25   26   28   31   34
   37   39   39   39   38   38   38   39   43
    47.5-180.0 180.0   5.0 450.0                            LAT/LON1/LON2/DLON/H
   51   57   64   70   73   73   71   68   65   64   64   64   63   64   66   68
   70   71   70   68   66   64   64   64   64   64   63   62   61   59   56   51
   45   39   35   33   34   36   37   36   35   34   34   36   39   41   43   44
   43   42   41   41   42   43   43   41   38   35   33   32   33   35   38   40
   42   44   44   44   43   43   44   46   51
    45.0-180.0 180.0   5.0 450.0                            LAT/LON1/LON2/DLON/H
   58   65   73   80   84   85   83   81   80   79   78   75   73   72   73   74
   75   74   71   68   66   65   67   69   71   72   72   72   71   69   65   59
   53   47   43   42   44   45   46   45   43   42   41   43   47   51   54   55
   55   54   53   53   53   53   52   49   46   42   39   38   39   41   44   46
   47   47   46   46   47   47   49   53   58
    42.5-180.0 180.0   5.0 450.0                            LAT/LON1/LON2/DLON/H
   66   74   82   89   94   96   96   96   97   97   95   91   87   84   83   83
   83   80   76   72   69   70   73   76   78   78   78   76   75   73   70   65
   59   53   50   50   52   55   55   54   51   49   49   51   56   60   64   66
   66   65   63   63   62   62   59   56   51   47   44   43   44   46   48   49
   49   48   47   47   48   50   54   59   66
    40.0-180.0 180.0   5.0 450.0                            LAT/LON1/LON2/DLON/H
   73   82   90   98  103  107  109  111  114  116  114  109  103   98   96   95
   93   89   83   79   77   78   80   82   83   81   79   76   74   72   70   66
   62   59   57   58   61   63   63   61   58   56   56   59   63   69   73   75
   74   72   70   69   68   66   64   59   54   50   47   46   48   50   51   52
   51   48   46   46   48   52   58   65   73
    37.5-180.0 180.0   5.0 450.0                            LAT/LON1/LON2/DLON/H
   80   90   99  107  112  116  120  125  131  134  133  128  120  114  110  107
  104   98   92   88   87   88   89   89   86   81   76   72   70   69   68   66
   65   63   64   66   69   71   71   68   65   63   63   65   70   75   79   80
   79   76   73   71   70   68   65   60   56   51   49   49   50   52   53   53
   51   48   45   45   47   53   61   70   80
    35.0-180.0 180.0   5.0 450.0                            LAT/LON1/LON2/DLON/H
   87   98  108  115  121  125  131  138  146  152  151  145  136  128  123  119
  114  107  101   98   98   99   98   95   88   81   74   70   67   67   68   68
   69   69   71   74   78   79   79   76   72   69   69   71   75   79   82   82
   80   76   72   70   68   67   64   60   56   53   51   51   52   54   55   55
   52   48   45   44   46   53   63   75   87
    32.5-180.0 180.0   5.0 450.0                            LAT/LON1/LON2/DLON/H
   94  107  117  125  131  135  142  151  160  167  166  159  150  141  134  128
  122  115  110  108  110  110  108  101   92   83   77   74   73   73   74   76
   78   79   81   84   87   88   87   83   79   76   75   76   78   80   82   81
   78   73   69   67   66   65   63   60   57   54   53   53   54   56   57   56
   54   50   46   44   46   54   66   79   94
    30.0-180.0 180.0   5.0 450.0                            LAT/LON1/LON2/DLON/H
  101  116  128  137  143  148  155  164  174  181  180  172  161  151  143  136
  129  122  118  118  121  121  117  108   99   93   90   90   91   91   92   93
   93   94   95   97   98   98   95   91   86   82   79   78   78   79   79   78
   74   69   65   63   63   63   62   60   59   58   57   57   57   58   59   59
   57   53   48   45   47   55   68   84  101
    27.5-180.0 180.0   5.0 450.0                            LAT/LON1/LON2/DLON/H
  109  126  141  151  158  164  171  180  190  195  192  183  171  160  151  143
  135  128  125  128  131  131  125  117  112  112  117  122  125  124  122  119
  117  114  112  111  110  108  104   98   91   86   82   79   78   77   76   75
   71   66   63   61   61   62   62   62   62   62   62   61   61   61   62   62
   60   57   52   49   50   57   71   89  109
    25.0-180.0 180.0   5.0 450.0                            LAT/LON1/LON2/DLON/H
  117  137  155  168  177  184  192  200  208  210  205  194  181  170  160  151
  142  135  133  137  141  140  134  129  131  142  157  169  172  169  162  154
  147  139  132  126  122  117  111  104   96   89   84   80   77   75   74   73
   70   66   62   61   62   63   64   65   66   67   66   65   64   63   64   65
   64   61   57   53   53   61   75   95  117
    22.5-180.0 180.0   5.0 450.0                            LAT/LON1/LON2/DLON/H
  126  149  170  186  198  208  216  223  229  228  221  207  193  181  171  161
  151  144  143  146  150  148  144  145  157  181  207  225  229  221  209  194
  180  166  153  142  134  126  118  109  100   92   86   81   78   76   75   74
   71   68   65   64   64   65   66   67   69   70   69   67   65   64   65   67
   68   66   61   57   57   65   80  102  126
    20.0-180.0 180.0   5.0 450.0                            LAT/LON1/LON2/DLON/H
  135  160  184  204  220  232  241  248  252  249  238  223  208  196  186  175
  164  157  155  157  159  156  155  164  189  225  261  283  285  273  254  234
  214  193  173  157  144  135  125  115  105   97   91   86   82   80   79   78
   76   72   70   69   68   68   68   69   71   71   70   67   64   63   65   68
   70   69   65   61   62   70   86  109  135
    17.5-180.0 180.0   5.0 450.0                            LAT/LON1/LON2/DLON/H
  144  171  196  219  239  254  265  272  275  269  257  241  226  214  204  192
  181  173  170  170  169  166  168  186  222  269  311  334  333  316  292  268
  244  218  193  171  155  143  133  122  112  105   99   95   92   90   88   86
   83   79   76   75   73   71   70   70   70   70   68   64   61   61   64   68
   71   71   68   65   66   75   93  117  144
    15.0-180.0 180.0   5.0 450.0                            LAT/LON1/LON2/DLON/H
  152  180  206  231  253  270  284  292  294  289  276  260  245  234  223  212
  200  191  186  184  180  178  184  209  254  308  351  371  365  343  318  294
  269  241  211  185  166  153  143  132  124  117  114  111  107  104  101   97
   92   87   83   81   78   74   70   69   68   67   63   59   56   57   61   67
   71   71   69   67   70   81  100  125  152
    12.5-180.0 180.0   5.0 450.0                            LAT/LON1/LON2/DLON/H
  160  186  212  237  261  280  295  305  308  303  291  276  263  252  243  232
  220  211  205  200  195  193  204  235  284  337  376  389  378  355  332  311
  289  261  229  200  179  166  156  147  140  136  134  132  128  123  116  108
  101   94   90   86   82   76   70   67   65   62   58   53   51   53   59   66
   70   70   68   68   72   86  107  133  160
    10.0-180.0 180.0   5.0 450.0                            LAT/LON1/LON2/DLON/H
  166  191  215  239  262  283  299  310  315  312  302  289  278  269  260  250
  239  230  223  217  212  212  226  260  309  356  386  390  375  353  336  322
  305  279  247  217  195  182  173  166  161  159  159  157  152  143  131  119
  109  101   95   91   85   77   70   65   62   58   53   49   48   51   58   64
   68   68   67   68   75   90  113  140  166
     7.5-180.0 180.0   5.0 450.0                            LAT/LON1/LON2/DLON/H
  171  194  216  238  259  279  296  308  315  314  307  297  288  281  273  264
  255  247  240  235  231  234  251  285  328  365  383  379  362  345  337  332
  321  298  266  236  214  201  193  188  185  185  186  183  175  161  145  128
  115  105   99   94   87   78   70   63   59   56   51   47   47   51   58   64
   67   66   65   67   76   94  119  145  171
     5.0-180.0 180.0   5.0 450.0                            LAT/LON1/LON2/DLON/H
  174  195  215  235  254  272  288  302  310  311  307  300  293  288  283  275
  267  260  256  252  251  257  277  308  343  368  374  364  348  340  341  344
  338  317  287  257  235  222  215  211  209  210  210  206  194  176  154  134
  119  109  102   97   89   80   70   63   59   55   51   48   49   54   60   64
   65   64   62   65   76   97  123  150  174
     2.5-180.0 180.0   5.0 450.0                            LAT/LON1/LON2/DLON/H
  177  197  216  233  250  266  281  294  303  307  304  300  296  293  289  283
  276  271  268  267  270  280  300  328  353  366  364  353  343  344  354  362
  357  337  307  277  255  242  234  230  229  229  229  222  207  184  159  137
  121  111  105  100   92   82   72   64   59   56   53   52   54   59   64   66
   64   61   60   64   77   98  125  153  177
