examples/IONEXdata/CODG3120.17I
     1.0            IONOSPHERE MAPS     GNSS                IONEX VERSION / TYPE
ADDNEQ2 V5.3        AIUB                13-NOV-17 03:35     PGM / RUN BY / DATE 
CODE'S GLOBAL IONOSPHERE MAPS FOR DAY 312, 2017             COMMENT             
Global ionosphere maps (GIM) are generated on a daily basis DESCRIPTION         
at CODE using data from about 300 GNSS sites of the IGS and DESCRIPTION         
other institutions. The vertical total electron content     DESCRIPTION         
(VTEC) is modeled in a solar-geomagnetic reference frame    DESCRIPTION         
using a spherical harmonics expansion up to degree and      DESCRIPTION         
order 15. Piece-wise linear functions are used for          DESCRIPTION         
representation in the time domain. The time spacing of      DESCRIPTION         
their vertices is 1 hour, conforming with the epochs of the DESCRIPTION         
VTEC maps.                                                  DESCRIPTION         
To convert line-of-sight TEC into vertical TEC, a modified  DESCRIPTION         
single-layer model mapping function approximating the JPL   DESCRIPTION         
extended slab model mapping function is adopted. The        DESCRIPTION         
mapping function is evaluated at geodetic satellite         DESCRIPTION         
elevation angles. For the computation of the ionospheric    DESCRIPTION         
pierce points, a spherical layer with a radius of 6821 km   DESCRIPTION         
is assumed, implying geocentric, not geodetic IONEX         DESCRIPTION         
latitudes.                                                  DESCRIPTION         
Instrumental biases with respect to each involved GNSS code DESCRIPTION         
observable are estimated as constant values for each        DESCRIPTION         
day. They are modeled with one set of bias parameters for   DESCRIPTION         
each satellite and each station in case of GPS and for each DESCRIPTION         
satellite-station link in case of GLONASS. The code bias    DESCRIPTION         
datum is defined by zero-mean conditions imposed on the     DESCRIPTION         
satellite bias estimates. In this file, just GPS C1W-C2W    DESCRIPTION         
satellite and station bias values are included. The         DESCRIPTION         
complete set of GNSS code bias results is provided in an    DESCRIPTION         
additional Bias-SINEX file as pseudo-absolute values        DESCRIPTION         
specific to each observable.                                DESCRIPTION         
Note: These GIM results correspond to the results for the   DESCRIPTION         
middle day of a 3-day combination analysis solving for 73   DESCRIPTION         
times 256, or 18688 VTEC parameters and 3 daily sets of     DESCRIPTION         
GNSS code bias parameters.                                  DESCRIPTION         
Contact address: code(at)aiub.unibe.ch                      DESCRIPTION         
Data archive:    ftp.aiub.unibe.ch/CODE/                    DESCRIPTION         
                 www.aiub.unibe.ch/download/CODE/           DESCRIPTION         
  2017    11     8     0     0     0                        EPOCH OF FIRST MAP  
  2017    11     9     0     0     0                        EPOCH OF LAST MAP   
  3600                                                      INTERVAL            
[...]
gol2 gold gope gras graz guam guat guug harb hers hert hlfx COMMENT             
hnlc hnpt hob2 hofn holb hrao hyde iddr ieng iisc impz ineg COMMENT             
invk iqal iqui irkj isba joz2 joze karr kat1 kely kerg khar COMMENT             
kir0 kiri kiru kit3 kokb kokv kouc koug kour krgg lama laut COMMENT             
lhaz lmmf lpal lpgs m0se mac1 madr mag0 maju mal2 mana mas1 COMMENT             
mat1 mate maui maw1 mbar mcil mcm4 mdo1 mdvj medi mets mgue COMMENT             
mizu mkea mnls mobj mobk mobs monp morp mqzg mro1 mtka nano COMMENT             
naur nico nist nium nklg nlib nnor not1 novm nrc1 nril nrmd COMMENT             
ntus nya1 nyal ohi2 ohi3 onsa opmt ous2 pado parc park pbri COMMENT             
pdel penc pert pfa2 pie1 pimo pol2 polv pots pove prds ptag COMMENT             
ptbb ptvl qaq1 quin rabt ramo recf reso reun reyk rgdg rio2 COMMENT             
riop roth salu samo sant savo sch2 scor scrz sctb scub seyg COMMENT             
sfer shao sofi spt0 ssia sthl stjo stk2 str2 sutm suwn sydn COMMENT             
syog tabl tabv tash tehn thtg thti thu2 thu3 tid1 tidb tixg COMMENT             
tixi tlse tn22 tong tow2 tro1 tsea tskb twtf txes uclu ufpr COMMENT             
ulab unb3 unbj unsa urum urus usn7 usud vaco vald vill voim COMMENT             
vtsp wab1 wab2 wark wgtn whit will wind wsrt wtza wtzr wtzs COMMENT             
wtzz xmis yakt yar2 yar3 yarr ycba yell ykro yssk zamb zeck COMMENT             
zim2 zim3 zimj zimm                                         COMMENT             
                                                            END OF HEADER       
[from data line 1287]
     4                                                      START OF TEC MAP    
  2017    11     8     3     0     0                        EPOCH OF CURRENT MAP
    87.5-180.0 180.0   5.0 450.0                            LAT/LON1/LON2/DLON/H
   63   63   62   62   62   61   61   60   59   59   58   57   57   56   55   54
   54   53   52   51   50   50   49   48   47   47   46   46   46   45   45   45
   45   45   46   46   46   47   47   48   49   50   50   51   52   53   54   55
   56   57   57   58   59   60   61   61   62   62   63   63   64   64   64   64
   64   64   64   64   64   64   64   63   63
    85.0-180.0 180.0   5.0 450.0                            LAT/LON1/LON2/DLON/H
   64   64   63   62   62   61   61   60   59   59   58   57   56   55   53   52
   50   49   47   45   44   42   40   38   37   36   34   33   33   32   32   31
   31   32   32   33   34   35   36   38   39   41   43   45   46   48   50   52
   53   55   57   58   60   61   62   63   64   65   66   66   67   67   67   68
   68   67   67   67   66   66   65   65   64
    82.5-180.0 180.0   5.0 450.0                            LAT/LON1/LON2/DLON/H
   61   60   59   59   58   58   57   57   57   56   56   55   54   53   52   50
   48   45   43   40   37   35   32   30   27   25   23   22   20   20   19   19
   19   20   21   22   23   25   27   29   31   34   36   38   41   43   46   48
   50   52   54   56   58   60   61   62   64   65   66   66   67   67   67   68
   67   67   67   66   65   64   63   62   61
    80.0-180.0 180.0   5.0 450.0                            LAT/LON1/LON2/DLON/H
   56   55   53   52   52   51   52   52   52   53   53   53   53   52   50   48
   46   43   40   36   33   29   26   23   20   17   15   13   12   11   11   11
   11   12   13   15   17   19   21   24   26   29   32   34   37   39   42   44
   46   49   51   52   54   56   58   59   60   61   63   63   64   65   65   66
   66   65   65   64   63   61   60   58   56
    77.5-180.0 180.0   5.0 450.0                            LAT/LON1/LON2/DLON/H
   52   50   47   46   45   45   45   46   48   49   50   51   51   51   50   48
   45   41   38   33   29   25   22   19   16   13   12   10    9    9    9    9
   10   11   12   14   16   18   20   23   25   28   30   33   35   37   39   41
   43   45   46   48   50   51   53   54   56   57   58   59   61   62   63   64
   64   64   64   63   62   60   58   55   52
    75.0-180.0 180.0   5.0 450.0                            LAT/LON1/LON2/DLON/H
   52   48   44   41   39   39   39   41   43   46   48   49   50   50   49   47
   44   40   36   31   27   24   20   18   15   14   13   13   12   12   13   13
   14   15   16   18   20   22   24   26   28   30   32   33   35   36   37   38
   40   41   42   44   45   47   48   50   51   53   54   56   57   59   61   63
   64   65   66   66   64   62   59   56   52
    72.5-180.0 180.0   5.0 450.0                            LAT/LON1/LON2/DLON/H
   55   49   44   40   37   35   36   37   40   43   46   48   49   49   48   45
   42   38   34   30   26   23   21   19   18   18   18   19   20   20   21   21
   22   22   23   24   26   28   29   31   33   34   35   36   36   36   36   37
   37   38   39   40   42   44   45   47   49   51   52   54   56   58   61   63
   66   68   70   71   70   68   65   60   55
    70.0-180.0 180.0   5.0 450.0                            LAT/LON1/LON2/DLON/H
   61   54   47   41   36   34   33   35   37   41   44   46   47   47   46   43
   40   37   33   30   27   24   23   23   23   24   26   27   29   30   30   30
   30   30   30   31   32   33   34   36   37   38   38   38   38   37   36   35
   35   36   37   39   41   43   46   48   50   52   54   55   57   59   62   65
   69   72   75   77   78   76   73   68   61
    67.5-180.0 180.0   5.0 450.0                            LAT/LON1/LON2/DLON/H
   69   60   51   43   37   34   32   33   36   39   42   44   45   44   43   41
   38   36   33   30   28   27   26   27   28   30   33   35   37   38   38   37
   36   35   34   34   34   35   37   38   39   40   40   39   38   37   35   34
   34   34   36   39   42   46   50   53   56   58   59   60   61   62   64   67
   71   75   79   82   84   84   81   76   69
    65.0-180.0 180.0   5.0 450.0                            LAT/LON1/LON2/DLON/H
   75   66   56   47   39   34   32   32   34   37   39   40   41   41   40   38
   37   35   34   32   31   30   30   31   32   35   37   39   41   42   41   40
   38   36   34   33   33   34   35   37   39   39   40   39   37   35   33   32
   32   34   36   41   46   51   56   61   65   67   68   68   67   67   67   68
   71   75   79   84   87   88   87   83   75
    62.5-180.0 180.0   5.0 450.0                            LAT/LON1/LON2/DLON/H
   80   71   60   50   41   35   32   32   33   34   36   36   36   36   36   36
   36   36   36   35   34   34   33   34   35   36   39   41   42   42   41   38
   35   32   30   28   28   28   30   32   34   36   37   36   35   33   31   30
   31   33   38   44   51   58   65   72   76   78   79   78   75   72   70   69
   70   72   76   81   86   89   89   86   80
    60.0-180.0 180.0   5.0 450.0                            LAT/LON1/LON2/DLON/H
   82   74   64   53   44   37   33   32   32   32   33   32   32   32   33   34
   36   38   39   39   38   37   35   35   35   36   37   38   39   39   37   34
   30   26   23   21   21   21   23   26   28   30   32   32   31   30   29   29
   30   34   40   48   57   66   75   83   89   91   91   89   84   79   74   69
   67   68   71   76   81   86   88   87   82
    57.5-180.0 180.0   5.0 450.0                            LAT/LON1/LON2/DLON/H
   85   78   69   58   48   41   36   34   32   32   30   29   28   29   30   33
   36   39   41   41   40   38   36   34   33   33   34   35   35   34   33   29
   25   21   18   15   15   15   17   19   22   24   27   28   28   27   27   28
   31   36   44   53   64   75   86   95  101  104  104  100   94   86   78   71
   66   64   66   70   77   83   87   88   85
    55.0-180.0 180.0   5.0 450.0                            LAT/LON1/LON2/DLON/H
   91   86   77   67   57   48   43   39   36   33   30   28   27   27   29   33
   37   40   42   42   40   37   34   32   31   30   30   31   31   31   30   27
   23   19   15   13   12   12   13   15   17   20   22   24   25   25   26   28
   33   40   50   61   73   85   96  105  112  115  115  111  103   94   84   74
   67   63   63   68   75   83   89   92   91
    52.5-180.0 180.0   5.0 450.0                            LAT/LON1/LON2/DLON/H
  102   98   90   80   70   61   54   48   43   38   33   30   28   28   30   33
   37   40   41   40   37   34   31   29   28   28   29   29   30   30   29   27
   24   20   18   16   15   15   14   14   15   17   20   23   24   25   27   31
   38   47   59   70   83   94  106  115  122  125  124  120  113  103   91   80
   71   66   67   72   80   89   96  101  102
    50.0-180.0 180.0   5.0 450.0                            LAT/LON1/LON2/DLON/H
  117  114  107   98   88   78   69   61   54   46   40   35   32   31   33   35
   37   38   37   36   33   29   27   26   27   28   29   30   31   32   32   30
   28   26   24   24   23   22   20   18   17   18   21   24   26   27   30   36
   46   57   70   82   94  105  115  124  130  133  132  128  121  112  101   89
   80   75   76   82   91  101  109  115  117
    47.5-180.0 180.0   5.0 450.0                            LAT/LON1/LON2/DLON/H
  134  133  127  119  109   98   88   78   68   58   49   43   39   38   38   38
   38   36   34   31   28   25   24   25   27   30   32   34   35   36   36   35
   34   33   34   35   36   34   31   27   23   23   25   28   30   32   36   44
   56   70   84   96  106  116  124  132  137  139  139  135  130  121  111   99
   91   87   89   97  107  118  127  132  134
    45.0-180.0 180.0   5.0 450.0                            LAT/LON1/LON2/DLON/H
  151  150  146  138  129  118  107   95   83   70   60   53   50   48   46   44
   41   37   34   30   27   24   24   26   30   34   37   38   39   40   41   41
   41   41   44   47   50   49   45   38   33   31   32   34   36   38   43   53
   67   84   99  110  119  126  133  139  144  146  145  142  137  130  121  110
  102  100  104  114  126  136  144  149  151
    42.5-180.0 180.0   5.0 450.0                            LAT/LON1/LON2/DLON/H
  163  162  158  152  144  135  124  111   97   83   71   65   62   60   57   53
   47   43   39   35   32   29   28   30   34   39   42   43   43   44   44   45
   46   48   53   59   65   65   60   52   44   41   41   43   44   46   52   63
   80   98  113  123  129  134  140  146  151  152  151  149  145  139  131  120
  113  112  118  130  142  152  158  162  163
    40.0-180.0 180.0   5.0 450.0                            LAT/LON1/LON2/DLON/H
  166  165  163  158  152  145  135  122  107   93   82   76   74   73   70   65
   59   54   51   49   45   40   37   37   40   44   47   47   46   46   47   49
   51   54   61   70   78   80   75   66   57   52   52   53   54   55   60   73
   91  110  125  133  136  140  145  152  157  159  157  155  153  148  140  130
  122  122  129  142  154  162  165  167  166
    37.5-180.0 180.0   5.0 450.0                            LAT/LON1/LON2/DLON/H
  162  160  158  155  151  146  139  128  114   99   89   85   86   86   84   79
   73   71   70   70   66   58   51   47   48   50   51   50   49   49   50   53
   56   60   68   79   89   93   88   78   69   64   63   64   64   64   69   81
  100  120  133  138  139  142  149  158  164  166  165  163  162  158  150  139
  131  130  137  149  160  165  165  164  162
    35.0-180.0 180.0   5.0 450.0                            LAT/LON1/LON2/DLON/H
  152  149  146  144  142  140  136  128  116  103   94   92   95   98   97   93
   89   90   94   96   91   80   68   59   56   56   56   54   52   53   55   59
   63   68   76   88   98  103   99   89   79   74   73   74   72   71   75   88
  107  125  136  139  138  141  151  163  172  174  173  172  172  170  162  150
  140  138  145  155  162  164  160  156  152
    32.5-180.0 180.0   5.0 450.0                            LAT/LON1/LON2/DLON/H
  143  138  133  130  128  129  129  125  115  103   96   97  102  107  108  105
  104  109  117  121  116  102   84   70   64   63   62   61   59   60   64   70
   74   79   86   95  105  110  106   96   87   82   81   81   79   77   80   92
  110  126  135  135  134  139  152  168  180  184  183  183  185  185  178  166
  155  151  155  162  166  163  156  149  143
    30.0-180.0 180.0   5.0 450.0                            LAT/LON1/LON2/DLON/H
  140  133  125  118  117  119  122  121  113  103   97  100  107  113  115  113
  114  122  133  140  135  118   97   81   73   72   72   71   70   73   79   86
   91   94   97  104  110  113  109  100   92   87   86   85   82   80   83   94
  111  125  131  130  130  138  155  175  190  195  195  196  201  203  199  187
  176  170  172  176  175  168  158  148  140
    27.5-180.0 180.0   5.0 450.0                            LAT/LON1/LON2/DLON/H
  150  139  126  116  112  115  119  120  114  105  100  102  110  117  118  116
  117  127  140  147  142  126  105   89   83   83   85   85   86   91   98  106
  110  111  110  111  114  114  109  100   92   88   87   85   82   80   83   94
  109  121  126  126  127  139  161  185  201  207  207  210  219  226  225  215
  204  198  198  199  194  184  172  161  150
    25.0-180.0 180.0   5.0 450.0                            LAT/LON1/LON2/DLON/H
  175  159  141  125  118  119  123  125  119  110  104  107  114  119  119  115
  115  123  134  141  137  123  106   96   94   98  102  105  107  112  120  128
  131  128  123  118  115  111  105   97   90   85   83   80   78   77   82   93
  106  117  122  123  128  144  170  197  215  221  221  226  238  250  254  248
  239  234  233  231  224  212  199  187  175
    22.5-180.0 180.0   5.0 450.0                            LAT/LON1/LON2/DLON/H
  212  193  169  148  135  134  137  137  130  120  114  114  120  123  120  114
  110  113  121  125  122  113  104  102  107  115  122  127  129  134  141  148
  149  143  133  122  114  106   99   91   84   80   76   73   71   72   79   91
  104  114  120  125  135  155  184  212  230  235  236  243  259  276  284  282
  277  274  273  271  262  250  237  226  212
    20.0-180.0 180.0   5.0 450.0                            LAT/LON1/LON2/DLON/H
  258  235  206  180  164  159  159  156  147  136  128  127  130  132  126  116
  107  104  104  104  102  100  101  109  122  135  144  149  151  154  159  163
  162  153  139  124  111  100   92   84   78   72   67   63   62   67   77   89
  102  113  121  131  146  170  200  228  245  249  250  259  278  299  312  314
  312  312  313  312  304  293  282  272  258
    17.5-180.0 180.0   5.0 450.0                            LAT/LON1/LON2/DLON/H
  303  278  246  218  199  190  187  181  170  156  147  145  147  146  139  126
  113  102   94   88   86   90  103  121  140  155  165  169  169  170  171  171
  167  156  140  122  107   94   85   78   71   65   58   54   54   62   75   89
  102  113  125  140  160  187  218  244  260  263  264  274  296  319  335  340
  340  343  347  348  342  334  326  318  303
    15.0-180.0 180.0   5.0 450.0                            LAT/LON1/LON2/DLON/H
  341  316  284  255  236  225  218  209  195  180  170  168  169  168  160  147
  130  113   96   85   82   92  113  138  160  175  182  184  182  179  175  171
  165  154  138  120  103   90   80   73   67   59   51   46   49   60   75   91
  104  116  132  152  176  205  234  258  272  274  276  287  309  334  350  355
  357  362  370  373  372  367  363  356  341
    12.5-180.0 180.0   5.0 450.0                            LAT/LON1/LON2/DLON/H
  368  344  315  289  271  259  250  237  221  206  196  194  195  195  189  177
  160  139  117   99   95  107  133  161  181  192  195  194  189  182  174  167
  158  148  133  117  101   88   79   71   64   56   47   42   47   60   78   94
  107  121  139  164  191  220  247  268  280  283  286  297  319  342  356  361
  363  369  379  386  388  388  386  382  368
    10.0-180.0 180.0   5.0 450.0                            LAT/LON1/LON2/DLON/H
  383  362  338  317  302  290  279  264  247  232  223  221  224  225  222  213
  199  178  154  133  126  138  163  188  203  206  204  199  191  181  170  159
  150  141  130  116  102   89   79   71   64   55   46   42   48   64   83  100
  112  127  147  174  203  230  254  273  284  288  292  304  325  345  355  357
  358  364  375  386  392  395  397  394  383
     7.5-180.0 180.0   5.0 450.0                            LAT/LON1/LON2/DLON/H
  387  372  355  340  328  317  303  287  270  256  249  248  251  253  253  249
  241  225  202  180  171  180  200  217  223  217  208  200  191  178  164  152
  144  137  128  117  104   92   81   73   65   56   48   45   52   70   90  106
  119  133  155  182  210  235  256  273  284  290  295  308  326  343  350  348
  346  351  363  376  386  392  396  395  387
     5.0-180.0 180.0   5.0 450.0                            LAT/LON1/LON2/DLON/H
  388  379  369  360  351  339  324  308  291  279  272  271  273  276  278  279
  277  268  251  231  221  225  237  244  240  226  211  200  189  175  160  148
  141  136  129  119  107   95   84   74   66   58   51   50   59   76   97  113
  125  140  161  188  213  234  252  267  279  287  295  308  325  338  341  336
  332  336  349  363  375  384  390  392  388
     2.5-180.0 180.0   5.0 450.0                            LAT/LON1/LON2/DLON/H
  390  388  385  380  372  359  342  325  310  298  292  289  289  290  291  295
  299  299  290  276  265  264  268  266  253  232  213  200  187  172  157  145
  140  137  131  121  109   96   84   75   67   60   55   56   65   83  103  119
  132  146  166  190  212  229  243  256  269  281  291  305  321  332  333  326
  321  324  336  351  365  375  384  388  390
