examples/IONEXdata/CODG3140.17I
     1.0            IONOSPHERE MAPS     GNSS                IONEX VERSION / TYPE
ADDNEQ2 V5.3        AIUB                14-NOV-17 20:17     PGM / RUN BY / DATE 
CODE'S GLOBAL IONOSPHERE MAPS FOR DAY 314, 2017             COMMENT             
Global ionosphere maps (GIM) are generated on a daily basis DESCRIPTION         
at CODE using data from about 300 GNSS sites of the IGS and DESCRIPTION         
other institutions. The vertical total electron content     DESCRIPTION         
(VTEC) is modeled in a solar-geomagnetic reference frame    DESCRIPTION         
using a spherical harmonics expansion up to degree and      DESCRIPTION         
order 15. Piece-wise linear functions are used for          DESCRIPTION         
representation in the time domain. The time spacing of      DESCRIPTION         
their vertices is 1 hour, conforming with the epochs of the DESCRIPTION         
VTEC maps.                                                  DESCRIPTION         
To convert line-of-sight TEC into vertical TEC, a modified  DESCRIPTION         
single-layer model mapping function approximating the JPL   DESCRIPTION         
extended slab model mapping function is adopted. The        DESCRIPTION         
mapping function is evaluated at geodetic satellite         DESCRIPTION         
elevation angles. For the computation of the ionospheric    DESCRIPTION         
pierce points, a spherical layer with a radius of 6821 km   DESCRIPTION         
is assumed, implying geocentric, not geodetic IONEX         DESCRIPTION         
latitudes.                                                  DESCRIPTION         
Instrumental biases with respect to each involved GNSS code DESCRIPTION         
observable are estimated as constant values for each        DESCRIPTION         
day. They are modeled with one set of bias parameters for   DESCRIPTION         
each satellite and each station in case of GPS and for each DESCRIPTION         
satellite-station link in case of GLONASS. The code bias    DESCRIPTION         
datum is defined by zero-mean conditions imposed on the     DESCRIPTION         
satellite bias estimates. In this file, just GPS C1W-C2W    DESCRIPTION         
satellite and station bias values are included. The         DESCRIPTION         
complete set of GNSS code bias results is provided in an    DESCRIPTION         
additional Bias-SINEX file as pseudo-absolute values        DESCRIPTION         
specific to each observable.                                DESCRIPTION         
Note: These GIM results correspond to the results for the   DESCRIPTION         
middle day of a 3-day combination analysis solving for 73   DESCRIPTION         
times 256, or 18688 VTEC parameters and 3 daily sets of     DESCRIPTION         
GNSS code bias parameters.                                  DESCRIPTION         
Contact address: code(at)aiub.unibe.ch                      DESCRIPTION         
Data archive:    ftp.aiub.unibe.ch/CODE/                    DESCRIPTION         
                 www.aiub.unibe.ch/download/CODE/           DESCRIPTION         
  2017    11    10     0     0     0                        EPOCH OF FIRST MAP  
  2017    11    11     0     0     0                        EPOCH OF LAST MAP   
  3600                                                      INTERVAL            
[...]
gras graz guam guat guug harb hers hert hlfx hnlc hnpt hob2 COMMENT             
hofn holb hrao hyde iddr ieng iisc impz ineg invk iqal iqui COMMENT             
irkj isba joz2 joze karr kat1 kely kerg khar kir0 kiri kiru COMMENT             
kit3 kokb kokv kouc koug kour krgg lama laut lhaz lmmf lpal COMMENT             
lpgs m0se mac1 madr mag0 maju mal2 mana mas1 mat1 mate maui COMMENT             
maw1 mbar mcil mcm4 mdo1 mdvj medi mets mgue mizu mkea mnls COMMENT             
mobj mobk mobs monp morp mqzg mro1 mtka nain nano naur nico COMMENT             
nist nium nklg nlib nnor not1 novm nrc1 nril nrmd ntus nya1 COMMENT             
nyal ohi2 ohi3 onsa opmt ous2 pado parc park pbri pdel penc COMMENT             
pert pfa2 pie1 pimo pohn pol2 polv pots pove prds ptag ptbb COMMENT             
ptvl qaq1 quin rabt ramo rbay recf reso reun reyk rgdg rio2 COMMENT             
riop roth salu samo sant savo sch2 scor scrz sctb scub seyg COMMENT             
sfer shao sofi spt0 ssia sthl stjo stk2 str2 sutm suwn sydn COMMENT             
syog tabv tash tehn thtg thti thu2 thu3 tid1 tidb tixg tixi COMMENT             
tlse tn22 tnml tong tow2 tro1 tsea tskb twtf txes uclu ufpr COMMENT             
ulab unb3 unbj unsa urum urus usn7 usud vaco vald vill voim COMMENT             
vtsp wab1 wab2 wark wgtn whit will wind wsrt wtza wtzr wtzs COMMENT             
wtzz xmis yakt yar2 yar3 yarr ycba yell ykro yssk zamb zeck COMMENT             
zim2 zim3 zimj zimm                                         COMMENT             
                                                            END OF HEADER       
[from data line 4290]
    11                                                      START OF TEC MAP    
  2017    11    10    10     0     0                        EPOCH OF CURRENT MAP
    87.5-180.0 180.0   5.0 450.0                            LAT/LON1/LON2/DLON/H
   44   44   43   43   43   43   43   42   42   42   41   41   41   41   40   40
   40   40   40   39   39   39   39   39   40   40   40   40   40   40   41   41
   41   41   42   42   42   42   42   43   43   43   43   43   43   43   43   43
   44   44   44   44   44   44   44   44   44   44   44   44   44   44   44   44
   44   44   44   44   44   44   44   44   44
    85.0-180.0 180.0   5.0 450.0                            LAT/LON1/LON2/DLON/H
   44   44   43   43   43   42   42   41   40   40   39   38   37   37   36   35
   35   34   34   34   34   34   34   34   35   35   36   37   37   38   39   39
   40   41   41   42   42   42   43   43   43   43   43   43   43   43   43   43
   43   43   43   43   43   43   44   44   44   44   44   44   44   44   44   44
   44   44   44   44   44   44   44   44   44
    82.5-180.0 180.0   5.0 450.0                            LAT/LON1/LON2/DLON/H
   42   42   42   42   42   41   40   39   38   37   35   34   33   31   30   29
   28   27   27   27   27   28   28   29   30   31   32   33   35   36   38   39
   40   41   42   43   43   44   44   44   44   44   43   43   43   42   42   42
   42   42   42   42   42   43   43   43   43   43   43   43   43   42   42   42
   42   41   41   41   41   42   42   42   42
    80.0-180.0 180.0   5.0 450.0                            LAT/LON1/LON2/DLON/H
   39   40   40   40   40   40   39   37   36   34   32   29   27   25   24   22
   21   21   21   21   21   22   23   25   26   28   30   31   33   36   38   40
   41   43   44   45   46   46   46   46   45   45   44   43   42   41   41   41
   41   41   41   41   42   42   43   43   43   43   42   42   41   41   40   39
   38   38   37   37   37   37   38   38   39
    77.5-180.0 180.0   5.0 450.0                            LAT/LON1/LON2/DLON/H
   35   36   37   38   39   39   38   36   34   31   28   25   22   20   18   16
   16   16   16   17   18   20   21   23   25   27   29   31   33   36   38   41
   43   46   47   49   49   50   49   48   47   46   44   43   42   41   40   40
   40   41   41   42   42   43   43   44   44   43   43   42   41   40   38   37
   35   34   33   32   31   32   32   33   35
    75.0-180.0 180.0   5.0 450.0                            LAT/LON1/LON2/DLON/H
   30   33   35   37   38   38   37   35   32   29   25   21   18   15   14   13
   13   14   15   17   19   21   23   25   26   28   30   32   34   36   39   42
   45   48   50   51   52   52   52   50   49   47   45   43   42   41   41   41
   41   42   43   43   44   45   45   45   45   45   44   43   41   39   37   35
   32   30   28   27   26   26   27   28   30
    72.5-180.0 180.0   5.0 450.0                            LAT/LON1/LON2/DLON/H
   26   29   33   36   37   38   37   35   32   28   23   19   15   13   12   12
   13   15   17   20   23   25   27   29   30   31   31   32   34   36   39   42
   45   48   51   53   54   54   53   51   50   47   45   44   43   42   42   43
   43   44   45   45   46   46   46   46   46   45   44   43   41   39   37   34
   31   28   25   23   21   21   22   23   26
    70.0-180.0 180.0   5.0 450.0                            LAT/LON1/LON2/DLON/H
   23   27   31   35   38   39   38   36   32   27   22   18   15   13   12   13
   16   19   22   26   29   32   33   34   34   33   33   33   33   35   37   40
   44   47   50   52   53   53   53   51   49   48   46   45   45   45   46   46
   47   48   48   48   47   47   46   45   45   44   43   42   40   38   36   33
   30   27   23   21   18   18   18   20   23
    67.5-180.0 180.0   5.0 450.0                            LAT/LON1/LON2/DLON/H
   20   25   30   34   38   39   39   36   32   27   22   18   16   14   15   17
   20   24   28   32   35   37   38   37   36   35   33   32   32   32   34   37
   41   44   47   50   51   51   51   50   49   48   47   47   48   49   50   51
   52   52   51   49   48   46   44   42   41   40   40   39   37   36   34   32
   29   26   23   20   17   16   15   17   20
    65.0-180.0 180.0   5.0 450.0                            LAT/LON1/LON2/DLON/H
   18   23   28   33   37   39   38   35   31   27   22   19   17   17   18   21
   25   29   33   36   39   40   40   39   36   34   31   30   29   30   31   34
   37   41   44   46   48   48   48   48   48   48   49   51   53   55   57   58
   57   56   54   50   47   44   41   38   37   36   35   34   33   32   31   29
   27   25   22   19   17   15   14   15   18
    62.5-180.0 180.0   5.0 450.0                            LAT/LON1/LON2/DLON/H
   16   21   26   31   35   37   36   33   29   25   21   19   19   20   22   25
   28   32   35   38   39   39   38   36   34   31   28   27   27   27   29   32
   35   39   42   44   45   46   46   47   48   49   52   55   59   62   64   64
   63   60   56   51   46   41   38   35   33   32   31   30   29   27   26   25
   24   23   21   19   17   14   13   14   16
    60.0-180.0 180.0   5.0 450.0                            LAT/LON1/LON2/DLON/H
   15   19   23   28   32   34   32   29   26   22   19   18   19   21   24   27
   30   32   34   35   36   35   33   31   28   26   25   24   25   27   29   32
   35   38   41   43   44   45   46   47   49   52   56   61   65   69   70   70
   68   64   59   53   46   41   37   34   32   31   29   27   25   24   22   21
   21   20   20   19   17   15   13   13   15
    57.5-180.0 180.0   5.0 450.0                            LAT/LON1/LON2/DLON/H
   14   17   21   25   29   30   28   25   21   18   16   17   18   21   24   27
   29   30   30   30   29   28   26   24   22   21   22   23   25   28   31   35
   38   41   43   45   46   47   48   49   52   57   62   67   72   75   77   76
   73   68   62   56   49   44   41   38   36   35   32   29   26   22   20   18
   18   19   19   19   18   16   14   13   14
    55.0-180.0 180.0   5.0 450.0                            LAT/LON1/LON2/DLON/H
   15   16   20   23   26   27   25   21   17   14   13   14   17   20   23   24
   25   25   25   24   22   21   19   17   17   18   20   23   27   31   35   39
   43   46   48   50   51   52   53   55   58   62   68   73   78   81   82   81
   78   73   67   61   56   51   49   47   45   44   40   36   31   25   21   18
   18   18   20   21   20   19   17   15   15
    52.5-180.0 180.0   5.0 450.0                            LAT/LON1/LON2/DLON/H
   18   18   21   24   26   26   24   20   15   12   11   12   15   18   20   21
   21   21   20   18   17   15   14   13   14   16   20   25   30   36   41   45
   49   53   56   58   59   60   61   62   65   70   74   79   83   85   86   85
   82   79   74   69   65   62   60   59   58   56   52   46   39   32   26   22
   21   22   23   25   25   24   22   19   18
    50.0-180.0 180.0   5.0 450.0                            LAT/LON1/LON2/DLON/H
   24   23   25   27   29   28   26   22   17   14   12   13   14   17   18   19
   18   17   16   15   14   12   12   12   13   16   22   28   34   41   46   51
   56   60   64   67   69   70   71   72   74   78   82   85   88   90   90   90
   88   86   83   80   77   75   74   73   71   69   64   58   50   42   36   31
   29   29   30   32   32   31   29   26   24
    47.5-180.0 180.0   5.0 450.0                            LAT/LON1/LON2/DLON/H
   32   31   31   33   34   35   32   28   23   19   17   16   17   18   18   18
   18   17   16   15   14   13   13   13   15   19   25   32   39   46   51   56
   62   68   73   77   80   82   82   83   85   87   90   92   94   95   95   96
   96   95   93   91   89   87   85   83   81   78   74   68   61   54   47   42
   39   39   39   40   41   40   38   35   32
    45.0-180.0 180.0   5.0 450.0                            LAT/LON1/LON2/DLON/H
   42   39   39   40   42   43   42   38   33   29   25   23   22   22   22   21
   21   20   19   18   18   17   16   17   19   24   30   37   44   50   55   61
   67   74   81   87   91   94   95   95   96   98  100  101  101  102  102  103
  104  105  104  102   99   96   92   89   86   82   78   73   68   63   58   54
   52   50   49   49   49   49   47   45   42
    42.5-180.0 180.0   5.0 450.0                            LAT/LON1/LON2/DLON/H
   50   47   46   47   50   52   52   49   45   40   36   33   31   30   29   28
   28   27   26   24   23   22   22   22   24   29   36   43   50   55   60   65
   71   79   88   96  102  105  107  108  109  110  111  111  111  111  112  113
  114  115  113  110  105  100   95   89   84   79   76   73   71   69   67   65
   62   60   58   56   56   55   55   53   50
    40.0-180.0 180.0   5.0 450.0                            LAT/LON1/LON2/DLON/H
   55   52   51   52   55   58   60   59   56   52   48   45   42   41   40   39
   38   36   34   32   30   28   27   27   30   35   42   50   56   61   65   69
   75   84   94  103  111  116  119  121  122  124  125  125  124  124  124  125
  125  125  121  116  109  101   94   86   79   74   71   70   70   71   72   71
   69   66   63   60   58   58   58   57   55
    37.5-180.0 180.0   5.0 450.0                            LAT/LON1/LON2/DLON/H
   56   53   52   54   57   61   64   64   63   61   59   56   54   52   52   51
   50   47   43   39   36   34   32   33   36   41   49   57   64   68   70   74
   80   89  100  110  119  125  130  134  137  139  140  141  140  139  139  138
  137  134  128  120  111  102   93   84   76   70   67   67   69   71   73   74
   72   69   64   60   57   57   58   58   56
    35.0-180.0 180.0   5.0 450.0                            LAT/LON1/LON2/DLON/H
   53   51   50   51   55   60   63   65   66   65   65   64   63   63   63   63
   61   57   52   46   42   39   37   38   41   48   56   65   72   76   77   80
   86   95  106  117  127  135  142  148  152  156  158  159  158  157  155  152
  149  143  136  126  116  106   97   88   79   73   69   69   71   73   74   74
   72   68   62   56   53   52   54   54   53
    32.5-180.0 180.0   5.0 450.0                            LAT/LON1/LON2/DLON/H
   49   47   46   47   50   54   58   61   63   65   66   68   69   71   72   73
   71   65   58   51   46   43   42   43   47   54   64   73   80   83   84   86
   92  101  112  124  136  145  154  162  168  173  176  178  177  175  171  167
  161  154  145  135  126  118  110  102   95   88   84   81   80   79   77   75
   72   67   60   53   49   47   49   50   49
    30.0-180.0 180.0   5.0 450.0                            LAT/LON1/LON2/DLON/H
   46   44   42   42   45   48   51   53   56   59   63   67   70   74   77   78
   76   70   62   54   49   47   47   49   54   61   70   80   87   90   91   93
   98  108  120  133  146  157  168  177  184  190  194  197  197  194  188  182
  175  167  158  150  144  139  135  129  123  117  112  106  100   92   85   79
   74   69   62   54   48   45   46   47   46
    27.5-180.0 180.0   5.0 450.0                            LAT/LON1/LON2/DLON/H
   47   45   42   42   43   44   45   46   49   52   57   62   67   72   77   80
   78   72   63   56   51   51   52   55   60   67   76   85   91   94   95   97
  104  115  130  144  158  171  183  193  201  206  211  214  215  212  206  198
  191  184  178  173  171  170  170  168  163  158  151  142  130  115  101   91
   83   77   70   61   54   50   49   48   47
    25.0-180.0 180.0   5.0 450.0                            LAT/LON1/LON2/DLON/H
   54   51   49   47   46   45   44   43   44   47   51   56   61   67   73   77
   76   70   62   56   53   54   57   61   65   71   79   87   92   95   97  101
  110  124  141  157  173  187  200  210  217  222  227  231  233  230  224  217
  210  206  203  203  205  209  211  212  210  205  198  185  167  145  125  109
  100   93   86   77   68   62   58   57   54
    22.5-180.0 180.0   5.0 450.0                            LAT/LON1/LON2/DLON/H
   68   64   61   58   56   53   49   46   44   45   48   51   55   61   67   72
   72   67   60   55   53   55   60   64   69   73   79   86   91   93   96  103
  115  133  153  172  190  205  218  227  233  238  243  248  250  249  243  237
  233  231  233  237  243  250  254  256  255  251  244  229  207  179  153  135
  124  117  109  100   89   81   75   71   68
    20.0-180.0 180.0   5.0 450.0                            LAT/LON1/LON2/DLON/H
   86   82   78   74   70   66   60   55   51   49   48   49   51   55   62   66
   67   63   57   53   52   55   60   65   69   73   78   83   87   91   96  105
  122  144  167  189  208  223  236  244  249  253  258  264  268  268  264  259
  257  259  265  272  281  288  292  293  292  289  282  267  242  211  183  163
  151  144  137  126  114  104   96   91   86
    17.5-180.0 180.0   5.0 450.0                            LAT/LON1/LON2/DLON/H
  105  101   96   92   87   82   76   70   64   59   54   51   50   52   57   62
   63   60   55   51   50   53   58   63   67   71   75   79   84   89   96  109
  130  155  182  206  226  241  253  261  265  268  273  281  287  289  286  283
  283  287  295  304  312  318  320  318  316  314  308  294  269  238  209  190
  179  171  162  151  138  126  117  111  105
    15.0-180.0 180.0   5.0 450.0                            LAT/LON1/LON2/DLON/H
  121  117  112  107  102   98   92   87   80   72   64   56   52   52   55   60
   61   59   54   49   47   49   53   58   63   67   72   77   83   90  100  116
  139  167  196  221  241  257  268  275  279  282  289  298  306  309  308  306
  307  312  320  328  335  337  336  331  328  326  321  308  284  254  228  211
  201  193  182  169  155  143  134  127  121
    12.5-180.0 180.0   5.0 450.0                            LAT/LON1/LON2/DLON/H
  131  126  122  117  113  109  106  102   95   86   75   64   56   54   56   59
   61   59   54   48   44   44   47   52   58   64   70   78   86   95  107  125
  150  179  208  233  252  267  279  287  291  296  304  314  323  328  328  326
  327  331  337  343  347  347  341  334  329  327  323  311  288  261  238  224
  215  205  192  176  162  150  142  136  131
    10.0-180.0 180.0   5.0 450.0                            LAT/LON1/LON2/DLON/H
  133  129  124  120  116  115  114  112  107   97   84   71   61   57   57   60
   62   60   55   48   42   39   41   46   54   63   72   82   92  104  117  136
  160  188  216  239  257  272  284  294  301  308  317  328  338  343  343  341
  340  342  345  349  350  348  341  332  327  325  321  309  286  261  240  228
  219  207  191  173  158  149  142  138  133
     7.5-180.0 180.0   5.0 450.0                            LAT/LON1/LON2/DLON/H
  129  125  120  115  113  114  116  116  112  103   90   77   66   59   58   60
   62   61   56   49   41   37   37   43   53   64   76   89  102  115  129  146
  168  193  218  239  256  271  284  296  306  315  326  338  347  351  350  348
  345  344  345  346  348  345  339  331  327  326  321  307  283  257  237  226
  216  201  181  161  147  139  135  132  129
     5.0-180.0 180.0   5.0 450.0                            LAT/LON1/LON2/DLON/H
  121  117  112  107  105  107  111  114  111  104   92   79   67   60   58   59
   60   60   56   49   42   37   37   44   55   69   83   98  112  125  138  153
  172  193  215  233  249  264  279  294  307  319  330  341  349  352  350  347
  343  339  338  339  342  343  340  335  333  333  328  311  283  254  233  220
  208  189  166  144  131  126  125  124  121
     2.5-180.0 180.0   5.0 450.0                            LAT/LON1/LON2/DLON/H
  114  110  104   99   97   99  104  107  106  100   89   78   67   59   55   55
   56   57   55   50   44   40   41   48   60   75   91  106  120  133  144  156
  171  188  206  222  237  253  270  288  303  317  329  338  344  345  342  339
  334  330  328  330  336  342  344  344  346  348  343  323  290  256  231  215
  199  178  152  130  118  115  116  116  114
